8711
8575
3063
7881
5678
6836
9045
8803
8392
2027
1983
6401
9203
1875
9584
4626
5422
5177
3435
6588
1986
7302
4024
876
3044
8870
4217
1073
9405
7064
3124
8836
8774
5244
9832
6080
5998
993
9883
3251
514
4845
4642
7144
5278
1501
2809
2543
9715
7829
9897
8695
7911
2089
1818
4839
3302
2674
5653
1070
6035
6030
6161
9627
15
9281
1348
3228
6271
5083
8689
8193
1614
8048
4114
4990
7807
1039
9829
8214
3923
2497
3245
8424
8527
7693
9336
9015
5195
6020
6848
1015
5648
3904
5855
8692
8166
4813
1609
4737
5765
2294
263
8905
2654
766
6757
1235
2010
5785
453
6372
5173
7525
9186
2336
8517
523
2356
6390
3929
6103
4338
2100
6788
4837
5167
7666
8652
8026
4921
8155
4230
2326
2815
3129
286
496
9644
5485
862
3346
3288
7607
1677
8580
1838
5815
3446
4802
1451
3127
3420
5529
6352
5164
6613
2361
967
3559
7134
6400
9159
8769
525
5259
2956
2966
3175
9583
5182
647
6051
928
9673
5096
5949
6841
3321
4131
5737
1741
7777
6687
3677
1942
5315
9485
9539
4594
4785
2487
2829
5136
5549
3884
9185
6319
1505
9926
2159
9268
4903
7852
1867
9655
4389
9101
4008
4735
7146
5465
1873
1578
9968
6105
5566
9395
2856
682
4833
7860
7863
2572
4446
4748
1670
5820
6880
9896
9922
4677
8302
4876
7857
5838
839
8427
5574
4976
1907
9724
7032
3460
4432
4132
3140
9247
6285
652
6524
5262
9375
2153
2582
6010
5903
2609
224
774
6152
3249
7844
7369
9729
2144
2516
4640
6440
9748
3467
1379
7566
4548
7038
5416
3057
2945
6009
5556
7348
9881
4664
5184
7204
9424
5947
3766
4625
4292
3829
9461
905
5221
2303
706
8323
2220
1521
4816
7412
8036
9392
2798
8420
5616
1778
2660
5738
4040
7390
6830
711
8833
708
2729
1251
5599
5761
2903
6213
267
1017
689
7621
7778
458
4298
3565
6916
899
1811
2816
1987
676
2403
6479
6570
4700
2242
4953
5128
414
2364
5673
9596
5027
5988
1311
5621
295
8341
1435
5509
5043
6965
4304
4427
713
6745
1037
8634
5573
9108
1765
8978
7026
9541
9069
3130
3504
9047
5346
5203
9841
200
2177
1048
6769
5959
4162
5186
1540
3906
8649
208
9506
7292
5324
2444
8618
9275
3324
5692
555
5885
9818
7433
758
4167
6451
3041
5517
1439
2576
4288
8167
4964
8550
2602
6703
4656
3562
5714
3630
4934
2359
6355
2537
8
9806
7788
6695
3878
2901
9196
6845
1110
4627
435
8543
5707
5896
5302
3205
1100
565
5898
1289
9173
7373
3422
7272
4908
6204
7322
3016
2766
3167
9004
5299
348
9356
1599
8354
2507
1931
2475
3331
1949
7937
9904
5458
9403
1613
8350
2055
8011
6098
510
9654
195
995
5888
1122
1438
4807
6050
2926
3974
6802
6555
2258
4561
1702
5769
6796
8640
611
1688
2749
8541
7810
398
9684
4566
4944
6228
4849
3309
2897
4204
6484
8046
6436
1662
9113
8951
5843
6094
972
2652
4962
681
6274
6282
2891
1412
3197
4270
3328
5189
301
5294
2983
4062
9803
9026
6576
4596
6025
6599
8753
9347
1557
610
2339
108
165
8855
9338
3370
6212
9164
8950
105
7116
9104
9599
8975
4909
5807
4078
1107
4618
973
6300
4570
9772
4702
284
5002
2173
2851
3012
9301
5760
7458
9370
3737
97
5629
4769
5834
5586
1654
8741
4779
8508
6245
4639
8576
5984
1291
2731
6875
4309
9972
6942
625
3638
9041
3238
44
5804
8107
153
9234
7912
9775
9510
9987
2968
3775
8519
8653
6579
1866
8911
4601
6928
7351
2211
6088
8847
6626
6729
5068
5695
6250
6990
8146
1340
6799
5806
3338
7671
9517
4746
303
362
4869
8715
9764
7175
9753
1663
7615
4088
7205
20
7770
1757
6075
7520
6658
1600
7031
3097
4343
2106
8556
861
416
7418
1376
9078
4281
5454
6137
6517
8063
402
5842
9788
2875
4255
9310
4026
9799
8376
7704
9975
6915
5547
969
2971
886
6734
5600
2179
28
7200
2653
6063
1674
3594
4927
9165
1934
3352
7796
2379
1645
642
3449
9796
8908
7101
3789
9920
7497
2808
3570
2784
9394
481
1154
8015
4207
5220
3551
801
3219
1242
5266
7744
3770
8205
3760
111
372
5281
2060
2082
7398
3744
7794
1245
8165
1971
2862
8157
2277
809
987
9348
8374
1273
8080
1317
3935
6093
1396
2698
7914
6393
7954
7791
1888
6797
3486
3156
4527
9218
7845
112
2936
188
2987
7948
4544
6801
7284
4308
9778
2393
5359
7919
6425
5400
4687
2783
278
3939
8502
134
5419
9066
2874
4796
5245
6527
2506
6856
9919
1416
9924
9082
859
8121
5530
2469
6177
7983
7968
9811
3455
6371
7065
2373
3453
4333
1049
4416
5858
6697
3015
5823
8775
9736
5845
3076
1120
9950
8603
6644
4741
5176
7010
289
7448
6441
3223
9785
1589
683
9737
7481
6112
22
5424
9989
3206
8403
9995
2988
3394
6724
113
1889
3859
9817
8023
3028
3002
8694
4971
5874
4422
4430
2182
2858
9330
8057
4330
966
7230
4103
3250
3279
4595
4545
728
6668
4806
1529
2079
3808
8215
6415
7318
7798
2290
5961
9119
7709
9495
9013
3413
2789
2155
5470
5418
6109
210
4423
1115
1566
1417
9882
45
1896
3448
3564
1538
6805
1279
3811
1364
5444
9053
4126
5952
7699
7159
6701
7399
3701
5330
2256
9312
8916
5993
3758
6146
8826
6829
4116
2485
7132
3381
3073
2124
223
4209
1495
2806
461
1308
7670
1330
7484
5080
5358
6581
3031
7335
3862
9669
1455
1468
4679
9130
1955
4665
1469
9266
589
557
5187
3139
1720
9864
333
2197
1095
5872
7020
8182
1198
8604
631
5866
9613
2760
2946
6205
6718
5436
7587
5659
417
9641
3410
7795
4617
698
7356
9839
4327
7024
7252
4717
1629
6601
7019
5797
8457
960
6053
5764
1460
4619
884
3291
1970
6002
704
3691
4928
1595
2717
4828
976
2839
6857
6344
3483
9898
3696
3306
1312
4091
5257
1360
2555
46
5351
7563
2642
4632
8558
5876
3593
9503
660
5364
4399
9676
183
1996
2002
7148
3962
9059
1591
4750
1719
2773
3271
8616
5118
4576
3819
3157
9422
2937
4531
520
4559
7642
6520
9384
4356
1346
3585
4805
8352
3256
6420
1313
7468
3626
229
878
1402
4144
8002
8372
8210
2422
8511
531
3093
7002
6744
6883
2813
3242
854
5112
8324
7354
89
1457
8627
1084
2767
5060
9949
6552
9602
9437
4481
4313
6241
3761
3032
7588
4328
163
9986
6186
8276
7018
3587
7896
7121
1275
1175
4275
5236
8538
8581
8071
1046
4893
8516
1147
8143
2390
2694
7775
3533
945
5089
6237
4324
4523
2001
4496
5378
3715
6131
5570
271
6604
3353
5623
8259
3985
2459
6694
9695
9328
1400
3981
6996
4554
2486
3921
2095
539
226
7333
3695
3852
387
214
6289
1357
2217
9067
1705
6435
9302
8445
697
2162
6043
4357
4015
6872
740
3412
3307
5541
5255
2080
2980
5439
8867
9683
9473
5494
5029
92
932
8682
6953
7477
852
3100
1780
9793
6024
7569
279
6227
138
1377
5593
8890
5130
80
2408
4688
7586
6892
3922
1925
3870
17
6765
5345
1212
6824
8288
1871
8913
9014
8425
7698
2033
805
7759
1634
1978
3029
8840
6483
3393
7276
9291
6998
2195
7653
2564
2919
7203
3876
4714
3960
5897
4689
7771
1533
1104
9106
4011
6041
9379
578
1883
6458
4301
5070
5958
5478
3615
4077
6636
6870
1350
9576
3560
3832
5142
7700
2850
7774
492
7682
7799
2412
4300
629
8044
4790
8983
1865
4359
1157
6117
5152
639
120
4777
3369
8827
8707
9202
4984
3462
6500
9801
949
6452
7047
3170
3848
3300
6416
7792
8171
4857
8787
7939
9027
1929
2581
1086
7536
1061
2348
743
1758
5233
8940
4755
6721
366
4164
3376
1513
2992
3148
2583
1777
3998
8593
5927
3064
5999
5992
5545
5641
2797
3782
6365
6373
929
9339
185
3552
5082
4070
7103
9358
377
6316
7593
2719
6362
55
4696
6062
4398
9077
8460
1842
3198
2141
369
5637
6459
6006
3785
6792
5668
6913
1209
9123
9000
7377
8536
3337
4468
6936
8414
6052
2006
2460
2967
1454
9810
7973
470
4936
2191
3443
6787
9552
5156
6001
1025
7542
8732
7172
5392
4295
4257
6243
9148
1006
9170
9401
350
1146
3404
1221
9754
9212
1121
9571
5025
1128
3181
7093
8461
5795
1791
4517
8272
4924
3556
4676
6907
8781
4572
273
2024
9738
3295
1138
9208
9866
2117
9029
6602
4380
3837
2933
5104
7455
2728
2289
4488
7589
2425
1817
5784
8861
7309
125
6999
6944
2161
6539
6918
9993
6309
4547
7801
4436
1018
3777
6403
9307
763
1923
1380
2042
4014
5870
4506
9668
6956
8241
1191
4346
8093
3558
4420
1631
6606
6815
4489
9100
4663
5658
624
2830
7540
7507
4975
2252
193
5710
6489
8770
2377
2517
9400
116
6968
3801
5581
7153
4799
1003
9944
3018
9198
1972
9605
3038
4467
2752
7492
5624
2769
7027
8097
4041
151
1319
3633
7051
1264
3741
255
2662
1
2257
4475
7695
4974
2657
4305
8020
6969
4692
7395
4007
4911
2545
7675
8088
5923
6104
8591
6959
5317
312
3008
8027
7632
3663
9387
2093
7747
7576
9222
2044
586
2942
6952
5558
4449
2805
7345
5415
1700
187
6082
2078
5487
9121
2233
4825
1620
1961
5329
4006
6585
4567
6676
7258
9842
3830
9357
9083
573
2436
9828
9717
353
7895
4633
7946
6754
3956
8529
3096
8342
2881
2677
6143
5762
2853
4562
5328
1799
8663
5610
2299
3160
6678
7411
3827
9566
1481
297
9825
3444
3398
6627
7916
3497
6397
8137
8544
1913
5320
3310
7177
6135
2194
4993
3509
485
2112
5108
7907
3866
4471
5670
475
7551
4660
873
7802
1938
9933
9558
7202
9155
9054
8266
9008
8141
8459
3264
4197
7379
5283
6163
636
2690
495
7291
194
1630
4526
8379
7932
2480
3672
2800
4621
3021
9360
2334
1916
413
4918
780
810
9242
5969
169
4415
4219
1592
9215
8507
891
3684
6811
1259
4502
7500
3651
3724
8735
471
9238
1546
7837
543
3212
3664
2985
1574
4946
716
8932
4738
4761
5937
71
1456
4868
3713
3670
7735
236
9279
2902
190
114
6354
128
3345
7725
7664
7055
49
6469
9906
8637
251
574
2819
1145
5435
8295
7567
7854
2120
8633
4848
4037
7427
747
9318
1290
4390
5630
6367
902
7618
5229
6350
3965
8291
1406
7676
8807
5210
7893
3493
3908
7186
7598
5602
2156
231
7741
2471
2434
1812
5481
1489
7591
1545
5532
3204
7782
3676
9490
7509
3576
6218
4643
9309
316
5726
7970
3649
7048
1658
2818
5543
438
2295
1858
836
2149
7609
2246
3934
1088
379
1940
3065
7150
4163
4225
4530
7460
8643
8510
2540
5181
4334
1568
7733
8785
8151
9487
4967
396
7408
2505
5450
2622
2321
9344
5776
6284
603
851
1567
2630
2710
5399
2354
3919
9966
8387
9056
4997
6201
5972
6012
3430
9846
7342
177
5398
4888
3040
4623
2438
2846
252
6096
8981
2665
9557
7917
7125
261
8082
9103
4451
1684
3544
2950
3071
7669
2198
3482
3783
3400
952
8917
115
2223
7209
7531
2019
5214
9508
2488
5584
8567
4937
244
5893
3009
6766
6910
7254
1816
2066
2331
6981
2413
802
6085
6885
6808
6149
2958
9435
3988
8233
3313
8106
6180
1127
328
895
6343
8719
7124
4426
6758
3927
894
4723
5039
2310
9391
6462
9065
6044
2418
6707
6391
8007
6633
2973
9981
3854
7639
602
8303
628
6377
9617
6031
1324
9288
2960
7357
1944
6760
415
5194
8162
68
7143
1833
3151
9567
211
7943
5451
2906
3910
5003
5019
462
3479
8825
1827
12
825
6120
9105
9255
2478
814
4739
4954
4302
6861
2718
7606
6038
5373
3418
1537
930
3362
9656
8612
8236
1713
9531
2962
465
4028
3158
1491
1250
1114
1696
9068
6779
2423
7678
7485
2041
9594
9415
9492
9416
2218
5632
1386
5987
897
4895
7677
8967
729
2077
3997
4968
6021
3217
4076
8895
7581
3885
626
6578
2827
9721
1752
3274
7311
4809
7978
3940
7545
9840
9282
8235
5249
2814
6349
9889
8768
8431
5042
5250
382
7041
8301
3668
3809
7437
3241
5944
7773
6028
6731
542
5536
8797
6022
9692
6457
3673
3046
5296
818
5884
3613
1682
5384
1054
767
4366
6720
384
2192
2833
7337
5657
8957
2667
3542
1063
554
7962
4709
8588
2755
3702
1569
5455
9523
11
4133
3949
8894
455
3459
7443
5157
5777
6722
7636
6809
8410
2990
8886
4323
3108
5986
9910
5093
9587
5471
644
1182
7646
8401
8472
4326
9549
9918
7808
7350
6454
6557
403
9756
9172
4605
4917
7405
4282
9875
974
51
2558
4409
6961
4094
2017
3121
1091
8644
9127
6984
4743
9021
1915
6045
9893
9024
404
3898
3787
5664
1738
8884
1742
3953
3522
3007
4066
1137
2910
7050
4965
3718
5469
484
784
156
6812
2787
2707
7166
961
1450
8105
4907
2599
8012
1619
3470
1559
5778
4079
6683
1959
842
1124
6348
4534
785
76
3233
277
31
5491
8929
720
4272
5401
1835
3340
2208
3531
1660
1804
5912
5326
840
3769
2713
7856
119
4047
2709
96
8366
2560
9023
3192
7748
6878
9795
3308
170
6176
9129
971
1211
3432
2743
7043
4424
3390
2209
8371
4788
2248
8697
7871
3202
7900
942
8196
3657
528
9777
5982
406
5463
2562
8050
2104
77
2140
2134
3517
2237
6655
4263
4445
4487
7652
8545
955
3938
7596
4121
8493
679
793
1830
1732
34
5102
4470
7192
4815
1525
6960
9187
5569
7158
5506
1813
6932
883
8132
3566
2446
440
9080
9694
4870
6940
9774
7363
4606
8520
3283
7702
4516
1964
1117
3123
390
9449
756
1643
9938
3327
274
6226
5150
9660
9519
4237
9520
8690
7994
2568
7235
7023
9747
2961
8249
9722
6308
5162
5144
4276
3134
5674
1490
9454
8823
8278
5496
9606
7521
5175
3905
4685
3896
2043
7085
8727
7561
6130
2020
4584
9726
7286
8454
1019
4727
8915
1897
7674
7637
3107
6855
4109
8008
2455
1334
3686
4220
1083
2820
3395
9003
4603
6183
7449
3248
721
8834
4969
4892
7486
725
2894
8247
9991
6759
3881
1681
9923
7464
7005
5636
9072
9111
8893
3538
3665
4683
2255
584
3332
6782
1555
9248
6977
1579
8605
4213
8304
2428
9813
1296
1260
8721
388
3094
4438
7920
1004
6261
1404
3861
9507
9909
6696
6095
5849
5013
9994
1082
9499
2753
2481
5960
5355
7434
5877
8286
1343
7740
3639
5938
2398
9414
9601
3030
4052
8451
5868
8436
2508
7184
3806
2742
7374
4675
7701
8641
2441
4262
7370
2687
9580
3495
5291
7046
6943
8943
7257
3895
8178
441
7229
2855
4622
3350
537
3386
3054
8349
9260
1580
2513
7928
9749
7414
3231
5887
8284
9200
1607
307
2861
6646
6970
8086
8577
6040
9240
1575
9298
6315
7135
5151
8377
1679
1052
1950
4450
8764
8831
2056
627
1768
8927
6642
7981
1368
6884
9373
2108
4681
9939
1952
2577
4698
4885
9413
5963
6048
9406
3273
1547
6260
6514
464
7945
5891
9150
7465
493
6748
393
1000
9611
8859
8203
8617
7813
2169
4744
7578
5796
7188
7758
7690
3645
6589
5111
4528
1361
6610
8265
879
8716
2596
858
4512
1339
7859
5578
1419
3335
9789
8029
8122
8563
9064
547
526
2530
2527
8954
3736
2319
5316
815
1781
6575
6448
2386
2090
4004
5372
9213
6318
8475
4578
540
6686
9538
4536
332
7776
3371
7959
5425
8361
9704
6614
6382
5474
6725
7631
7673
7061
5468
6471
2368
3648
6538
1326
2389
2007
534
4800
6776
7285
3807
5742
5341
6867
1246
8691
2416
5153
8154
1800
9560
1184
4897
9564
6124
4546
3936
6381
5526
6540
6192
8117
3138
2776
6389
9808
7730
8423
3277
3154
423
7078
5171
9057
1426
9807
8456
4668
3710
2333
5655
3948
4218
9367
6417
9278
7091
265
7517
5544
5018
1459
5497
9319
7267
1863
8285
319
2188
3847
2151
3178
8013
8153
7910
4980
5793
4770
4898
8931
102
709
6159
9711
3417
5749
3075
7380
4820
2232
7882
8476
5683
1071
8651
9211
6188
8274
9221
9151
712
1164
4573
7151
8256
7751
3225
1973
4887
5228
3646
5962
3142
9827
5744
630
9168
3548
3102
848
2632
7672
948
8813
8498
9792
9458
4552
2689
7438
844
9969
975
2969
8003
4316
5179
8906
6904
9610
2538
2376
2651
4405
5321
7835
7281
7754
8180
7194
4598
2150
5643
292
235
3675
4522
9649
7720
1698
9033
9650
9299
2569
732
2353
103
5869
8255
9440
5538
2832
1527
9453
3856
1820
4778
9529
1302
7114
3800
6119
9002
168
9300
1085
9055
5540
8881
150
5433
4783
9325
5758
6338
1528
8930
25
1286
8483
3104
5990
3909
7654
6863
9254
645
4035
9020
4580
7341
9419
3993
7890
9477
4913
1633
7736
9700
3955
1411
8965
8442
4331
7554
1775
8742
2302
6971
5428
1917
6874
7783
8318
5626
386
2618
4417
7640
3874
3344
2265
1535
5347
6060
3415
5883
1009
131
7336
8705
4651
6007
5591
6858
1586
315
5109
209
830
4
760
6831
1906
3604
5269
5512
2595
4102
7473
3926
8213
7321
597
7834
7073
4556
8518
3326
4383
8480
1173
7579
2143
9511
2343
207
8778
7361
8706
3034
6660
6661
4271
2896
8946
1960
9359
4433
5854
8066
3833
4768
5572
997
1038
2696
1523
7921
6715
3356
3674
739
8512
9579
3598
3873
8351
9259
6477
2335
9450
6851
8032
6370
1697
8185
5604
184
5816
9960
2207
2458
5484
3882
5502
2866
6313
9371
7102
9853
7407
9677
7056
5819
8686
9638
4615
376
5407
8667
9921
9662
1749
6380
669
8995
5899
2464
5828
1338
3716
216
8737
3089
3810
1536
7387
7913
5677
4348
2838
575
4940
9699
8076
1748
6475
4296
9836
5825
9404
5190
2176
4797
8104
8814
1047
4836
1218
147
1393
6662
9899
9496
6564
4555
9261
5680
2586
451
7329
3481
6727
9867
2723
5429
9114
6224
7797
8521
8598
1168
7651
4371
9536
4106
996
5483
5421
6065
1957
8470
144
176
7902
2637
2499
992
1937
4137
9418
5822
3137
9232
4479
7072
324
8786
1825
8645
8365
1985
4375
4081
107
8868
8885
1637
9843
7052
782
6337
4297
2298
1172
4134
1588
4690
7662
6327
5411
3378
2016
5349
9705
2579
1371
1901
2193
9321
1055
4966
260
8458
1699
990
549
8223
6307
9597
3053
7952
7934
1424
7705
4293
8148
5880
5931
6287
8548
7568
7035
3971
2023
646
6046
7993
2757
182
3583
9483
4105
4751
8199
8553
4515
5735
4801
798
8945
8846
6317
1839
8441
5712
8854
9544
8621
701
8412
1170
4724
6562
4165
1544
6989
8559
5145
3762
7543
9182
1261
7249
5528
9028
198
6982
7660
7217
6700
2039
8972
3450
3056
6079
1962
6840
1395
3468
2472
8279
8402
828
4521
9663
7989
9936
7503
7570
8489
1447
4752
3243
5527
5260
3641
1980
3163
5374
1005
3109
7812
2410
7984
3161
6612
4286
1558
569
7168
7097
1919
7767
6246
7625
2262
3656
2520
4588
863
3958
4358
285
7325
588
1295
6091
4701
5617
4620
8251
8904
5928
7212
9271
1442
1014
4693
2565
4945
392
6171
7494
5369
3188
2370
7147
1352
3051
9342
8791
933
8140
1284
7803
3323
8771
6326
9272
1850
2385
2503
4442
2774
4932
3052
6172
3439
1381
7750
4067
953
7219
9690
838
4715
1903
1646
7191
7935
9515
1050
2629
4351
7441
3036
1722
2796
5206
8933
9133
8610
781
9733
6778
3314
2721
9178
4447
5994
3528
5148
2083
1206
3122
7574
2607
4118
7452
4065
1534
5917
8712
9955
2099
3903
2934
2092
6232
6518
7462
6919
2872
2235
7100
8920
243
831
5997
8244
9058
2463
6248
7752
1746
6559
3120
3817
2230
7846
1736
6666
8835
9963
6957
3792
1294
9908
8439
2771
4141
3591
829
8343
1685
2009
6761
1475
9802
8601
5698
7804
3020
1764
9201
6222
4532
4455
8087
6133
6563
8468
5756
7317
939
2998
6924
9398
8058
9941
3947
4731
7273
1181
4812
4260
6444
1834
364
8609
5247
7083
3360
7476
671
692
3826
9139
7080
4055
4624
9746
1611
2243
605
9035
4476
412
7612
5115
9040
5981
9911
8139
702
5539
1556
4759
7224
833
2405
4729
4762
5531
8319
6057
2700
3831
896
6055
5117
7831
4462
9226
4188
9
7225
8053
538
2046
7866
2512
5049
7454
7362
1524
6402
1427
7953
2799
6903
3945
1028
7417
6945
4211
9739
2091
9447
2250
672
9742
4637
2976
985
6311
8336
7108
9548
4160
341
395
3136
8528
7221
3986
9433
2498
5304
7349
2251
6491
3590
345
8503
2532
9486
3147
5809
7645
8674
6334
2426
1880
2482
8534
3712
5149
7392
1297
3788
7657
6368
5016
6786
6134
2037
9374
3216
2222
7297
847
8055
7263
4721
1507
8237
1989
7879
8438
135
9192
6014
1276
8892
9543
8041
8530
7453
6543
8275
258
8845
3454
4950
6669
2688
5024
1605
54
1550
2369
2324
903
5935
8876
3687
6508
2575
8090
2663
19
4139
6430
5667
9197
9869
264
9280
6181
7456
9089
7931
1846
3191
4087
3973
3655
3294
2275
1571
8037
6739
8124
173
7641
3081
90
3506
6460
5561
2732
2210
4012
5875
8268
5805
5634
7331
7244
9062
3500
6854
2447
489
2597
2231
1026
7638
47
5605
4510
6495
7155
2826
5069
2026
5367
6259
3618
8531
8024
5696
2810
352
6768
7033
8054
7628
9514
6735
1814
6869
8328
5160
9250
6276
8571
2228
7838
4979
2330
9526
1472
6706
7534
7313
5905
7355
9070
8923
4208
3383
6772
7686
4223
1199
1180
3474
2074
2788
1608
9585
378
9885
1008
8816
9491
7178
4973
6156
1751
4835
5268
5708
7003
6717
4712
9140
6210
338
6879
1068
2087
1239
9979
4666
5906
8000
3339
6654
7057
1449
5598
1594
749
8462
2880
161
6632
3421
7504
8169
1823
757
2315
3464
6980
9563
1118
6672
7869
9442
9331
4890
4168
2943
3305
6833
7140
5282
6673
5396
1359
3296
8676
8782
8164
9907
970
5261
1486
2163
3214
59
5116
6577
9959
8331
2724
6077
7821
4498
7420
3187
1548
7461
3280
5720
1898
5100
1512
7432
1463
527
7347
7697
9216
7555
7223
1561
4384
6496
935
3754
4472
5178
5017
1432
9141
4875
3099
2201
3537
6253
5915
4082
3889
8487
6574
9525
5934
8081
1390
2325
4988
2328
771
5213
5642
2979
2561
7877
3768
8194
9264
3084
564
4985
991
4747
8491
8184
5943
7716
6834
9427
9561
3498
5516
5856
2785
5676
3879
3745
9079
3699
5095
3975
4250
6353
9755
9088
9074
1656
7431
5846
469
1668
408
5074
4503
8909
7990
1612
4083
5863
3972
101
8801
5279
6571
3024
6235
8819
7600
3090
6110
4239
7211
5441
1036
3899
9838
5239
4020
1939
1994
5913
9850
947
2145
5853
8158
9263
2692
3001
4725
2468
1626
2116
6770
2534
8131
5503
572
1582
7000
5382
3614
6530
5094
5812
7707
546
3196
1724
5861
6251
3499
8702
8999
8406
9071
1401
4808
1303
6894
8863
641
2522
7278
1141
9518
7483
4674
8204
7809
2045
3952
7137
6747
2907
4226
178
9658
7883
4678
4319
1531
3803
837
9149
8830
5833
6473
1320
1090
1650
5212
3794
186
5781
8149
804
4283
8662
6345
1101
2571
617
5501
4786
5836
7537
6651
7533
9467
9559
1862
6684
5263
5559
8147
482
9452
3521
1963
3647
2350
5548
5032
7706
1051
1236
7842
5155
2338
6621
1563
8126
1779
5787
9320
808
3177
4299
3875
7623
7238
4340
2932
7649
4703
8776
3729
4353
1270
7719
3742
7635
4249
9604
5103
9546
7256
7742
5312
3408
4016
9220
8289
8079
5575
8293
5290
363
968
7007
957
7419
322
6826
2406
5835
7620
1837
8810
6930
4058
796
6566
5551
5208
8883
9976
3067
9589
5671
719
819
5449
6074
8234
7806
2643
3752
9804
2959
2952
1977
1195
2972
127
1016
5472
122
9635
7815
653
7814
234
755
2057
1520
8794
18
3917
75
8045
8329
1721
4354
1093
620
5438
7584
8624
8253
459
4774
1298
4952
7406
2015
3822
9393
9043
9179
217
6583
6634
4600
6178
6254
2227
3978
9081
5066
1177
2899
9632
5799
7726
3661
426
2628
4635
5989
1287
8754
8192
1461
1664
4382
640
901
5166
5174
3764
8949
6258
52
9570
5881
9389
7118
27
8216
5933
2761
1219
3169
6921
1032
6447
1349
8198
1891
2924
2929
768
4905
4955
6465
7963
9621
5734
6939
592
4871
1488
8277
4212
5204
3853
8135
8344
9855
9974
7930
5736
8176
4243
6906
7918
2991
3880
8739
6647
621
3767
6553
9784
1007
5185
1473
633
4187
162
8848
1894
2644
3999
394
6755
3087
4095
4233
4151
5122
4613
5771
3319
7469
748
994
2065
3011
3834
5751
2107
3512
2013
4339
5752
9434
2186
3106
8096
4400
5
5071
5437
2982
7583
4929
4604
253
9076
1943
1196
1159
6310
6166
2365
9651
8069
8269
8292
4138
6296
9917
7510
8021
5689
1002
3293
9132
7608
6118
8033
1327
7780
6173
2680
37
4856
9859
7025
358
6437
1158
9631
2722
4757
3173
3918
3747
5794
3261
3611
6229
7163
3697
3392
7136
3234
5467
7173
1020
5275
673
832
923
32
7304
5161
4803
790
6244
4504
7332
3414
6852
931
5705
4036
5309
6569
5922
5753
3987
9294
2199
9136
1665
4949
2712
4096
8444
853
9284
456
4311
8482
9046
8191
4386
4402
7903
3778
9245
7214
7165
5924
4765
5313
6461
2307
1409
3976
5618
9153
7365
9273
5307
3825
57
7738
3642
3105
857
474
5770
1185
8150
2292
2417
3776
4364
906
2739
9516
4505
8515
892
4931
8829
9190
9953
6418
2276
2659
6794
8059
6923
8683
2018
2391
3317
2623
4483
1759
5293
5231
304
8952
4000
2121
5619
9497
7241
6455
7923
4048
4568
6558
8206
6997
3844
1179
2634
4877
999
3125
7208
9399
2639
9999
7590
3994
2075
6685
375
3765
6049
5533
2154
6876
2930
4535
6115
5432
2212
7876
3359
3442
9500
2993
576
9735
9193
1240
3887
1189
3662
1078
4057
9305
8360
4347
4490
399
9244
7480
8031
8628
3916
6150
7314
9887
2673
5126
3592
3900
3267
9163
2542
3033
2954
2059
2557
7435
613
374
3480
5216
1433
9156
4224
3933
7548
7822
6512
7785
1108
7459
638
4086
2312
2686
7011
6153
1227
9423
3490
518
9429
8584
8738
5135
1176
8364
3384
6705
1344
6783
2590
8078
8123
8961
1149
8222
5308
4920
2126
2388
4736
6871
220
3364
3502
4363
4659
6492
3388
9578
870
4540
368
4242
4061
4158
9533
5253
9773
1165
9162
9478
9227
9169
8733
3488
6061
7811
2291
7991
2115
6102
1059
2073
3456
3447
8549
917
1651
7601
7006
4672
8399
339
4860
4654
5955
8857
3735
3510
6116
6837
429
2266
3932
6901
480
2241
8449
3171
4571
8997
3066
2697
9731
5716
9498
4691
4482
306
675
5719
9438
6127
6667
5910
1618
6197
6712
8788
9833
8596
8367
922
7012
4025
4756
9744
2852
9472
9006
1487
5976
2274
2047
233
7243
5273
5480
7017
7415
3149
9645
1831
43
846
8327
9985
3402
888
9642
1069
5448
7301
323
3042
8802
3773
3620
5582
3336
2714
3540
5646
6955
548
2977
8163
6168
7724
8049
4027
2989
9154
6478
5034
1857
4379
6637
1636
4492
5403
1716
8966
8127
3842
9741
8252
9388
9524
8156
9219
9372
3275
7409
4787
7042
7162
5379
989
4374
5230
1143
5568
6608
4466
9874
3088
8316
2462
662
6265
8828
1399
7156
8357
7207
29
9304
8300
9428
5649
1292
1935
4722
6304
1074
635
6978
9854
4054
2103
8102
6798
8030
7029
6324
7496
7526
6275
2362
8542
6785
3707
9857
2544
7728
7875
196
7058
3732
1314
9470
8390
8779
8340
6900
9870
85
7950
4115
2734
9822
8028
946
5139
658
6793
1300
8844
2913
7181
2768
3530
1709
505
2062
4494
1075
717
8639
6611
2
7824
6736
3224
8305
6358
8478
9942
9456
4999
1280
1852
5243
6752
7549
5722
4912
6529
3607
1152
2249
290
3098
1622
1029
6302
7264
6728
5715
9466
7479
3476
5280
6784
8174
9019
7401
4901
7936
3749
1999
1102
8734
1230
8499
8614
1436
3
1169
8991
9091
4303
7115
8181
3165
3643
9647
3780
8990
6277
4922
4780
5219
2404
1711
670
6129
9425
1301
2604
1669
827
7487
5238
5067
7974
5147
6360
6190
5571
9239
428
764
2419
4231
4518
8092
3411
826
4221
3543
2054
3858
3867
6486
7358
5965
2616
4444
6395
7746
5684
4798
2900
5001
4092
8005
6169
9012
6521
8944
1021
6466
6242
9521
7112
3802
4419
8202
191
4662
4453
146
2175
225
9819
9475
3860
2778
2648
7757
1079
8669
293
7274
6537
2772
6664
2352
5864
2245
2160
1743
4579
8713
8815
259
7129
7732
296
2518
2608
9426
473
910
7826
9609
4248
1358
6101
7149
5552
4541
3431
5461
2309
8257
986
8355
8723
6774
4981
3207
2395
1803
3110
6493
5051
696
591
1116
1848
3263
8877
249
3375
9146
2085
9036
1272
5235
6764
4172
1860
8552
2355
3669
2666
9771
9657
5594
7823
2332
5757
6257
3883
8879
3779
9671
2215
1786
2978
3571
6123
4742
3554
3698
9965
6933
3897
2467
5097
7488
4454
4120
1739
4771
370
6771
7833
8910
1162
8348
9622
3484
8006
1443
5385
3451
1763
3180
6891
1755
7944
4861
898
2885
4044
9545
9324
2399
117
5814
6615
5882
3795
8283
9377
7294
8084
6464
2420
1680
9781
2466
606
9230
686
9992
3793
1725
4175
6652
7196
4998
8221
2342
7789
6912
2794
1744
582
7592
2014
78
5520
7790
604
9462
5394
8170
7169
984
5783
5939
3155
2515
9727
2461
2552
2578
7685
3756
511
7957
9191
9313
7828
3382
9790
770
6689
5420
2957
8321
8565
4463
8405
7633
741
5669
6136
9988
8042
7582
9710
7
1924
1355
7111
8540
8632
4314
4318
1958
7908
2845
7820
8678
5383
509
8047
4267
4360
2965
4841
6591
3989
3508
1912
6314
6434
3582
4638
731
7888
2392
4122
2949
7266
6238
449
7955
3840
2032
5344
6619
5945
5681
916
5475
6631
913
468
2541
4753
1331
8796
5048
4171
2280
1570
1148
9122
8075
5830
5700
2699
9703
979
8298
5723
4317
6740
3374
1560
581
8998
7516
4234
9646
2675
9600
9837
7922
7382
5335
556
6487
1793
9295
5295
9661
8805
6850
1515
6846
7495
5064
9878
8524
2921
4684
5537
680
9296
4396
9176
7648
1678
1892
6058
1001
8418
6032
6223
744
7326
5688
1503
7071
5755
8703
8242
3184
5054
6111
8435
7154
21
8209
5354
650
5271
490
4093
437
8878
7969
9451
2205
1522
9964
5608
2867
3671
2951
7197
8525
1097
2536
7663
3547
3739
524
72
6214
5942
2889
2238
7490
8600
9858
7659
8488
4982
1123
1062
6155
2706
5008
9930
3287
7878
9087
4509
7762
2029
4900
637
2869
1223
8586
1243
48
5750
6320
4647
5353
4781
5350
5919
2035
5711
2502
909
3162
321
5459
2213
2848
9443
1067
98
5732
7346
7250
4306
4865
5603
5301
2658
3790
4926
7535
154
5366
7075
1737
2725
2705
5904
9588
1421
6733
3322
7228
9798
62
6411
3069
5565
4789
8888
2337
6649
8620
3232
705
6653
7980
9253
8636
2940
2620
9171
357
8455
1151
3358
661
8996
3738
5339
8389
5702
2585
5106
8968
84
4670
8772
2308
1747
1928
4146
9225
7904
3913
2448
6054
2775
5991
1616
8822
1385
9591
9277
8161
7489
4342
310
1726
5535
3966
3143
9207
1013
7089
762
5521
4130
2063
1178
6405
3705
9534
3595
1106
9821
8370
5303
1638
8060
7897
4587
6160
6523
6398
3190
3573
8282
6849
7594
3496
6263
7858
5694
4064
6410
9884
1336
3132
419
8535
1383
864
5306
2000
7381
2669
6301
104
5426
8100
5092
2454
2533
8273
5211
1673
3079
507
4034
2465
6638
6361
8474
8393
9593
723
868
2317
1807
4991
1042
1706
5652
2313
5878
9877
4477
1648
3748
1281
2886
8853
7756
3824
6200
8619
5073
3010
9550
8924
9143
5661
2726
6047
7658
3637
6488
3014
8446
3569
964
6964
9195
9998
1810
7039
5709
6144
3553
7008
7696
7324
7519
7171
4329
2914
648
3050
4704
8714
6292
4493
1208
5030
5000
5596
2005
7450
598
1672
1990
4085
529
4943
1420
9612
7482
8315
1776
3416
7119
1318
1585
599
9740
2200
3426
6439
1283
6220
9640
1214
5380
2556
8562
1760
8035
3048
41
109
4564
2244
980
1077
6719
8693
7898
7557
1511
7874
3968
5169
3101
1367
7553
4145
2649
6011
787
5075
1805
6561
6596
5767
7063
9010
925
1649
4983
8592
427
3085
1010
3131
7573
7864
2994
7622
8383
8589
7099
5728
3209
8722
7466
3982
7708
3005
3472
6233
7722
4060
5041
36
9314
9346
331
2521
3719
9258
6482
7851
2133
5693
9977
7523
6818
8506
4754
1252
6560
8839
6680
9734
8789
8919
5059
7909
3325
3004
2470
7987
8250
1262
272
344
7319
2142
5205
1740
2111
2146
3179
1797
4986
270
5287
5356
9634
6272
2640
1384
2260
1792
6142
181
6618
4401
1552
6407
5252
9916
2259
4740
2964
6987
5183
1207
6938
5076
7977
5499
2028
6813
8821
4883
8671
1573
2051
6394
5457
2741
4461
9142
3704
8115
752
8579
1305
1565
3396
5352
7692
439
1441
5731
8479
4325
9984
7506
148
8426
6099
1806
192
4644
4350
3091
5251
6059
5576
1434
596
9267
7515
6947
8225
7127
2786
3128
23
2435
4124
7763
82
4514
6819
5514
7245
1034
9767
9886
5973
6089
6208
443
2437
824
5759
9034
3678
9464
5072
7425
9484
8477
268
2311
8375
2096
9235
3239
5560
3434
5240
593
3977
6556
7942
7323
5362
3316
6714
2759
730
5525
9666
9958
1666
8783
3990
4718
6704
3436
2735
1878
410
7547
2360
8434
8179
5408
5606
4437
3199
5782
320
361
9241
5159
2371
3515
9116
5055
7841
2304
6189
215
3635
5348
157
9847
7887
687
4264
8631
3561
7360
2904
5121
6138
8655
9229
8014
2655
6868
5131
8232
893
9465
8806
2504
8381
420
2598
8874
7680
761
6741
7260
1382
4056
8228
3622
6340
3174
2122
7472
2738
2157
7237
1310
2166
6198
4075
9712
4710
4117
2546
6501
2278
9362
2633
4273
8566
9948
1094
3901
2491
4215
5311
2058
1139
2402
8400
7779
8903
7575
5376
1762
4039
5404
6688
5297
7117
811
4046
6359
5490
3886
1703
9582
9007
9251
559
5860
5090
6331
3469
2409
3600
4388
1847
9805
7998
7493
8473
7288
871
241
6505
2837
3868
9797
1829
3584
616
5026
7929
2261
6934
9270
2110
5663
8224
9553
3363
5607
2703
4697
2779
3215
38
9368
1554
7965
5639
3025
5638
6154
600
5941
9269
6692
9093
7687
1431
139
2803
8970
9786
7234
3951
6341
1815
256
1225
7960
8022
6303
2676
5763
2997
2234
1766
7630
1774
5460
4245
3603
5464
941
1166
3320
6175
8811
1798
820
8172
6083
742
3964
9233
1153
9667
4033
13
9147
2844
3083
1984
6896
7816
1632
6551
8144
6375
8108
6203
436
9542
918
3606
8570
6234
2811
8380
6548
6816
9713
6295
8513
5801
1886
61
5035
1828
4574
8532
7070
2693
7512
6763
3059
7992
2253
1274
6789
8481
775
9809
8310
7906
6158
4110
4177
1031
5453
5254
6709
6005
5285
6954
3141
7422
2086
5098
4846
2500
4497
2305
6629
5431
6
8248
3693
8231
2442
4716
126
409
9665
6657
6572
8977
1405
5476
4631
4200
7445
4956
2887
7938
8287
4705
6708
1306
1832
5114
5033
6534
411
9932
2843
1202
3401
2068
8494
936
5388
4745
308
9927
792
889
656
1843
9365
1948
9117
7603
1241
3835
8312
8936
981
6594
2094
1024
2247
9769
7059
5192
1309
7522
6202
276
5975
6191
9224
8869
3220
5047
4821
7760
7681
5264
4125
1030
5434
6165
4732
3222
3714
1397
9679
9714
3377
6546
9608
3203
6859
7501
2101
6092
4776
8466
5925
3845
4673
1363
5288
9890
5020
5745
4232
8546
9513
6336
6018
3315
7359
2854
3348
8504
4565
95
145
6414
1011
6029
3329
3471
7541
9761
5656
5625
3660
5601
4784
421
8128
5690
7077
5974
9569
9982
83
7160
8413
3599
5088
5691
9787
5390
2828
2381
463
5223
3103
5791
5158
219
9137
5620
1103
2563
6015
5954
585
1979
3797
3240
5800
865
6269
8555
8758
6374
5721
2224
7967
8684
9879
3297
3774
5902
6528
2284
9980
199
535
67
746
1445
3851
6087
4558
1142
7060
7924
4853
8675
9380
9471
9555
9092
8650
2236
4829
9997
3636
3247
1750
7457
6839
7210
6853
9343
6595
281
8700
2876
4009
8630
9107
5300
1134
6139
1408
2451
1667
1325
7956
5132
4322
5052
6832
1911
5773
3911
1675
9042
940
5123
5894
1192
1452
4719
9674
4859
8986
553
6298
2882
9502
434
1237
1530
7855
8608
3572
6108
5966
5811
7298
9210
8959
4597
6624
5946
1879
678
2378
3189
5357
3133
2610
2777
6273
7109
4880
2916
1704
5258
6078
7836
4337
422
6806
6364
206
7491
8138
6426
4501
3839
778
560
1415
9341
3150
927
1247
1801
8730
3963
1307
130
4021
7734
4818
2164
7305
3195
8953
2158
8973
6699
166
8152
9048
9826
5768
5871
4464
7316
2941
1969
2347
3086
4519
3258
7198
5798
2847
2341
3944
6132
3385
2190
1410
5105
6941
5970
7905
4170
4452
1315
8264
1329
3437
6423
8218
3872
9716
6821
7270
2762
3628
2229
8447
4191
3266
6751
8437
5859
8752
334
1549
7054
9303
8388
2109
1821
3463
314
1333
4315
5081
4412
6780
39
7343
1429
6549
3237
9481
1902
1470
1256
3227
1625
4196
8804
6522
476
5840
6023
2835
1856
8569
7170
3727
141
2765
5583
8666
5063
7036
4406
1446
8615
10000
7529
2285
8116
487
6909
5493
684
8085
7277
6937
843
5440
5446
7021
9752
3711
6369
6908
8812
3049
7053
7667
665
6064
6743
9460
1485
6490
4216
5124
2661
9527
8656
205
9934
2351
7891
2088
7128
228
7213
6145
7426
7368
5978
3629
5867
7761
5633
3523
1370
4686
1065
7979
5040
9895
9287
4830
2268
305
7413
2747
750
4195
2878
3726
1920
6262
7216
9791
7233
3772
6249
8729
4049
4804
3438
6603
622
2824
5163
4915
5628
9479
872
9794
3092
1876
8415
3166
7941
3312
2130
3631
6929
4772
9463
3013
5412
4198
7028
9397
4147
7753
1043
521
9760
8509
6860
8750
7174
3841
4641
7396
1437
3892
3525
9286
5802
327
812
1238
123
2318
3299
5391
433
7307
7781
1729
722
1885
7727
7327
6067
9444
8409
1564
6935
9441
189
4244
2456
3117
5788
6617
1593
6888
7185
7105
2226
4460
3193
4474
3366
8094
1076
9762
9337
6865
7261
6431
4119
3891
4863
5967
3347
336
3253
2612
1794
9607
7110
425
4238
212
4310
7605
5062
1092
3229
4612
9682
7044
1476
727
2287
3815
6946
4332
4344
3311
3159
4448
8928
7972
2293
4456
65
7391
1598
2139
4418
4240
6773
7226
2626
7287
8767
515
7599
1836
8114
4361
9929
8294
1864
4585
8391
5971
3608
213
5477
5622
4886
5107
1113
5215
1596
248
1583
911
8958
2022
938
2494
5423
3706
2587
632
1691
9355
3617
9708
5137
87
9688
391
2357
2178
8647
2165
2525
2411
4970
7242
1756
2523
8880
129
1576
900
8849
3546
3755
1375
9096
81
8925
8568
5857
3799
4291
9816
8061
7679
563
685
2758
3654
5340
9005
4192
2375
5222
5911
8034
6325
2548
5741
924
6474
3284
1771
8914
318
7308
1730
5780
7661
2592
608
5091
6516
4533
6674
8757
1130
1661
9174
2128
694
1322
1981
1210
9685
9814
5387
9099
8941
5381
40
8665
2474
9431
2646
7397
2509
8168
1785
5748
6328
5198
2036
1908
4941
2683
2049
4312
9167
5143
1403
6299
2679
2931
5087
3857
4404
9782
2524
9868
2514
9011
373
601
7769
349
6305
2849
8860
5005
7338
688
8016
326
5513
2048
690
4923
3365
7082
7236
9871
232
4174
8955
6322
6568
4032
8099
4590
6278
6351
7145
9376
9109
3925
8307
8587
9090
3330
695
6580
9848
2329
777
6148
2172
3722
9763
6312
8901
6008
5417
9633
202
9063
8547
2129
8395
7306
5852
4599
1255
8526
2671
875
6286
8668
4169
2167
3461
4879
3924
2225
4902
1653
9928
5232
9095
8728
3185
2397
7926
1044
3489
1161
3272
5127
9037
6185
3457
4537
7231
9262
5119
8369
4874
7120
8744
2938
4069
1458
8040
4711
9618
1988
2040
807
2737
4229
1647
3574
5120
5746
2427
813
5289
4042
9276
9931
8572
8464
8865
8306
7715
9351
7915
8842
3119
8564
5650
7179
9354
9145
2387
5747
6498
6363
7737
9363
3869
16
5014
8606
6000
5611
7113
880
3126
4269
5774
7400
1271
2113
1796
7784
6671
8989
3659
550
2996
9177
6635
9709
1853
7839
7556
1216
8239
7098
2908
3397
3519
6206
6749
5218
280
5564
8245
1761
1519
558
6630
6887
3577
3458
3890
6911
2314
7232
9891
9556
467
2171
4884
571
2034
8696
4734
2344
7629
8197
9049
3568
9759
8270
5654
2892
4128
8448
7718
1869
9779
7550
1328
1644
6429
7430
2501
6966
4549
7157
351
6607
8832
5057
457
1391
1541
9863
8337
4827
7997
4341
4084
7467
7086
3666
4694
5640
5701
5224
5079
4961
2641
7745
8072
919
9180
4636
179
5666
7014
5940
2180
5298
7729
2322
3786
6432
532
8175
9410
7066
8432
8866
8963
121
5826
1027
3043
7840
8019
4669
5979
8852
7424
313
9022
3730
1132
4113
877
1136
7436
4435
6470
2535
6873
6927
8452
7378
9686
7723
6730
4045
1213
519
7966
2511
1809
5165
6162
3912
9637
8145
4589
5615
3391
8672
5462
7384
9385
5397
4179
7386
1497
4834
4795
2424
3733
7068
5786
6106
1425
4210
2204
450
4376
7499
7474
6346
7447
2202
9852
3589
7617
5084
2269
239
7375
5492
337
5146
3213
9439
4593
3516
7849
8130
7344
7731
2519
9770
1922
3539
7830
30
8039
4842
7892
5651
912
1606
9160
2909
789
9489
3027
7865
7096
5006
4850
1727
552
958
7644
2600
6013
6822
3914
9292
9039
8469
3361
4465
4933
5270
7199
7787
5523
6949
8780
1056
795
4108
4939
4459
3850
754
8934
4832
6526
6147
551
3959
221
5227
3871
9689
2363
1234
9983
2995
7743
9297
8724
3579
1022
9586
5209
2012
7062
6893
962
2863
494
4792
7627
4287
5644
1060
3725
4149
8394
9629
4794
8187
6383
3399
3068
5413
6323
5697
1932
7045
1089
9326
2283
6438
7001
3526
365
63
4321
6710
6723
6679
1413
445
8900
4653
3612
5053
6428
8607
3226
5486
7394
172
1967
1951
1188
536
1604
1689
8743
3017
3575
3372
3145
6151
2860
5310
3045
3534
8490
2300
5466
9675
5342
5818
4284
4726
5889
7440
860
2720
7604
9432
904
9181
6321
6582
7565
869
6533
590
1553
4253
6716
2189
347
8201
5713
5920
42
6532
5647
8492
1975
7713
1615
9961
4335
246
3894
3144
7505
2857
9512
7446
1131
5808
2955
1714
7703
4628
8111
9285
7818
9161
5338
282
4005
4855
4073
5679
1927
1855
7428
6384
2939
171
9322
4873
8677
5580
5754
6003
6504
9209
2736
9125
1098
3535
1066
4279
4793
3623
983
1203
1316
8120
1351
1299
7527
9718
2272
4285
5743
5226
7339
8761
2668
8189
3078
1183
2790
6174
8578
9382
6004
6480
4373
8670
9706
3343
9935
765
2877
6623
33
3557
786
2407
7139
5824
1671
3153
2625
5010
8988
541
7614
8688
7328
6881
7577
9766
6421
4951
2870
5337
3186
7786
1440
6339
9334
3152
5724
3257
2570
1841
2366
6994
9940
1715
3351
7152
5414
7218
4878
7843
9865
2947
8056
245
3440
9335
9446
6225
5078
2631
6396
7650
2011
4872
7037
8110
8262
1976
1362
1788
4395
6750
8430
5662
9445
9333
3791
6547
4854
4608
8485
4764
5930
2795
5207
9522
8838
4051
6753
2593
2611
4394
7602
9206
866
3759
1258
3653
1474
7999
823
1428
8246
6170
8864
2567
3172
4763
8765
2484
5837
6070
2473
3650
5873
3992
7539
118
8267
2296
2636
4591
7894
1244
3717
432
3485
845
5729
849
1277
7187
5323
3721
8098
1772
6645
6449
8077
1587
9702
7538
8018
1197
8717
1222
9598
3915
7015
6071
9625
7275
7239
3501
9469
4434
3289
1347
788
4159
9290
3813
3355
7867
3838
6122
442
3183
834
6113
7283
8560
3619
2615
6963
3652
1884
4508
9861
5504
8773
498
4560
227
6356
9448
1479
2240
8497
9831
1423
6196
6357
2859
7478
2383
3194
4002
9175
4838
1590
4811
300
4864
6988
4277
3679
7832
1492
3255
9967
1126
8635
4411
799
881
8397
699
9430
8784
8561
2981
9050
4370
6677
3683
8309
7271
5065
1467
6019
4202
5365
5844
3115
3487
977
2791
6665
53
8800
1268
5519
2316
1695
9696
6905
4851
2531
4157
5045
4261
1392
2550
8699
9845
3753
3836
3503
9900
9693
9128
2526
4345
5058
7765
7471
6600
1480
1080
2704
8299
1135
7749
2580
1012
3818
3281
1708
4176
8229
9623
9252
488
4994
7182
8749
1918
7710
69
8573
4019
4661
1422
6622
9246
9537
2984
371
8501
7624
3624
1105
1323
1601
2927
7958
6211
3621
724
6976
2489
4480
9873
7951
9745
1947
3588
2893
6732
3019
5948
6889
424
3058
4824
4862
1356
3692
6081
6807
4607
5936
4529
3164
110
3259
4074
5803
8969
1398
6515
8947
7514
2682
5733
3969
4671
3865
4156
4256
317
8334
6073
649
8896
5242
5985
9547
1991
5718
8746
6823
8062
3682
3244
1577
7161
5706
4646
6100
4280
2925
3254
776
2883
1171
2645
1414
5534
2098
4987
2306
4720
4050
4634
5892
5360
6294
2922
9915
1782
5023
7597
3529
3536
950
400
2384
5193
8889
2414
100
3409
3996
9112
7123
2069
6698
6835
2152
2566
1851
9925
7444
1478
158
2647
7040
8177
5395
517
2148
587
6973
3406
2770
3941
735
4695
6422
7296
9204
4959
8725
5488
4648
7647
6076
5443
2613
4189
8134
4001
1112
2865
4582
4097
3006
6991
9084
7385
9758
4524
3937
7290
2591
1784
149
9501
5792
5495
6847
6866
9962
4713
1353
2807
4930
1610
5375
5276
9812
9097
9697
7107
5704
5555
1946
4996
677
2953
6419
9144
1508
2974
3980
1342
175
1707
6330
9038
1167
6252
1877
1683
7985
609
6592
3549
8453
2915
9031
4199
1500
3893
4194
4760
3601
7141
7069
3541
6467
4441
9824
7403
4919
8710
7289
7383
9411
4185
4699
8921
8463
1870
1332
1155
8368
7295
4148
3023
9648
9369
9568
1602
8378
4658
5717
2382
7717
1900
407
6329
2948
2003
3303
4616
2681
2495
6948
6864
2025
513
1723
6542
9643
5031
7253
2221
269
3077
7772
1514
9184
5361
2804
3070
5456
6639
5138
4127
6406
6975
7030
2912
7131
7656
4161
8219
7886
8841
2918
5322
1572
7825
5950
385
288
8433
3930
1532
5614
568
7971
5609
1278
8673
882
9872
3685
7262
2895
4507
1263
8899
634
2539
3877
7013
9283
9316
2584
5286
2917
1930
2081
5015
6659
654
1321
1109
1249
9094
5284
3751
8356
1226
5956
5829
4495
7142
1040
4645
2477
1378
2479
1045
3035
8873
8142
9480
7850
3246
2589
2884
2986
3740
3354
3037
6814
6184
2746
7626
9417
7544
2490
4362
2270
7255
8912
6535
6333
594
1965
934
5319
4957
1465
7463
2817
7189
4010
8396
6817
2004
7634
9750
734
3168
5563
7084
3135
8984
7106
9189
7558
8186
6264
3723
2928
2868
2670
9102
6268
8762
5932
266
8313
2038
7138
3465
4320
8736
5851
2345
7689
8748
6084
6650
6443
7805
718
951
9073
6114
444
8704
8330
978
1518
5447
9725
6502
9664
3627
733
4831
479
9535
7880
2346
6126
8594
1893
1231
3632
6825
516
1200
5953
7195
9757
6513
483
803
6605
7421
9352
1448
1844
1790
1516
6240
769
5246
4143
1517
4610
133
982
3334
2678
2716
291
3709
5740
9455
7949
1956
491
7268
3208
1728
1498
1914
7282
9800
4274
4513
9366
8421
9459
1641
3843
1733
8551
73
5011
8308
9308
2727
2780
4408
9158
74
452
544
9659
8281
5865
5996
3466
508
5510
9876
1789
561
7246
8017
9421
7559
2394
8416
1337
4190
4214
8987
4891
841
446
1890
6427
3055
3580
8484
8798
8109
7976
6140
5272
6128
9619
9672
1808
9493
943
4031
5234
710
8625
2547
9680
93
3520
2263
5430
4491
8760
9386
5292
9892
915
8982
7694
2603
4013
4206
6565
9409
2802
4539
3581
3039
8129
257
2400
2801
8159
7280
5036
24
5901
4904
2492
3445
6217
6468
8766
3681
3946
693
3796
6681
3262
9509
7562
6890
8467
4814
4958
5995
3000
447
3812
5585
6713
4823
2105
1087
1966
5386
9701
3419
9315
5061
5542
5318
247
6207
5022
887
4193
8708
8685
1824
890
7167
6291
2374
9844
7800
3428
8979
9905
5827
8254
7498
753
242
5085
4186
9540
6497
4942
4397
2711
8638
7376
7827
8417
8101
8856
6886
1215
9943
5631
7087
1718
340
7986
381
5957
7768
6985
4867
3074
2975
3200
1205
6424
5325
6086
9730
8038
3983
4733
7259
3433
3282
577
2841
1388
3771
9973
655
4152
2695
530
8009
230
155
3602
5813
5489
8956
5921
907
3218
7511
4369
2008
8296
9131
1882
3816
3236
3022
6958
667
2685
6842
8338
472
612
5964
7247
579
2185
9765
5567
5170
9603
9390
8411
773
7873
4542
1621
3452
3849
4307
4629
2070
1366
8850
4381
9913
1229
1369
4652
6507
4352
4043
1041
618
6039
4258
5595
8554
8971
8335
9528
6620
1769
2430
2396
3507
5914
5327
2635
56
8195
5482
7312
1374
9880
8514
8698
566
6036
5518
5442
9595
237
607
8657
9835
6408
6803
5916
1081
4553
2449
5200
4992
6995
287
7819
806
7712
5772
4391
6463
4938
8386
9223
1509
6494
9098
9086
707
9157
4680
2421
2898
726
9562
850
5589
1058
5895
3814
3230
5909
6306
8353
3114
8226
9590
9018
7240
6926
700
9592
1542
3991
5511
6456
3513
8004
736
7439
262
3060
2125
1603
8095
4458
9653
6902
4486
6726
3821
8240
2750
619
4387
3781
7899
9707
3304
9951
60
8611
2196
6290
3478
1993
6503
9947
8263
9639
4030
7133
1845
1694
2170
2621
8992
855
956
4178
9289
8960
1690
9849
360
7595
3423
9572
9009
1453
4782
8064
5699
2358
4881
3690
2923
9407
6509
3318
4682
8792
6255
3954
1217
2118
2254
6838
6270
6643
9110
944
2510
1266
1354
3210
6413
7546
2282
8680
9751
3252
9860
3221
3703
8976
2136
2443
222
7665
4575
9135
5725
4135
4180
4236
2340
5508
5908
1372
8747
4581
4252
2483
5900
4563
8118
3290
6376
6481
2748
6844
8220
7353
5217
2184
2733
6810
4557
7643
9834
9823
201
8599
8496
9265
7848
1551
1471
6342
794
1953
7619
6525
4063
1267
8260
3118
8450
664
3863
7004
3555
8408
355
6157
2879
2638
1248
3920
5613
8902
2605
6931
4089
88
6404
3743
6499
7611
309
4173
1734
8597
2529
2549
4728
8227
6179
7518
2999
1224
431
1787
6795
6164
197
2457
2053
4367
8001
1974
6536
7220
9378
3176
8073
6056
7721
7560
8681
5393
5500
4071
1635
3734
9901
2864
6280
3429
9937
356
1992
5588
7988
2823
8407
1861
5597
920
2367
8505
3902
7227
5592
4817
5879
6167
6800
7126
914
4155
5675
6922
5141
666
1909
2601
5862
1731
3931
4018
7766
5841
8740
5839
8326
2288
1822
691
10
614
7714
9044
874
7571
6656
6693
9575
4525
8809
7079
499
7530
1659
9214
2174
160
136
4840
9311
9217
9996
6648
7206
6256
2551
2619
4791
5983
5498
7933
3545
2327
1220
9494
2168
7300
5050
500
8314
5951
1133
6121
1701
6609
2067
7755
4290
8687
4440
4104
329
4499
7122
3524
3943
2871
1802
8333
885
2183
8994
3596
4935
6453
6862
7793
8648
1494
6640
4443
2064
5775
1840
5274
8443
132
8938
5389
9990
3967
6097
6544
2279
1285
512
5929
817
8679
4414
4080
5196
4916
8907
1506
1269
8793
9624
2349
4111
1859
2286
5687
5406
1995
380
6216
8495
9293
5590
4592
3680
1387
3610
9381
330
70
5370
6920
5046
9408
3269
3708
1904
8948
821
1444
3688
4203
2297
2097
1941
5409
9228
8091
5168
3494
2214
8660
5343
8258
9134
2450
8763
7393
2970
2888
5546
3961
7711
6026
8173
3514
8051
4377
5012
7868
4586
4428
6781
2440
8347
8731
959
6682
3201
4201
2135
9052
6746
9636
4431
9256
8325
3746
1652
4914
7215
8858
926
9476
5685
142
1687
9532
5524
3518
8070
4730
8795
6827
4222
8533
2740
3298
6332
2445
1735
7853
1905
6442
8160
8322
4822
7330
2030
6387
1430
3511
783
9075
2935
4569
4349
1945
6877
1692
772
5682
6914
8759
3578
835
7009
1462
50
3072
6541
1623
7862
2553
4150
1693
430
3757
2453
3379
2123
9565
1499
6967
6586
8052
3532
9551
5505
7104
4485
6895
4708
9903
9237
6767
4706
2084
6027
4265
2821
299
2431
6804
2372
5810
7927
1910
7475
6366
5515
7889
6107
4457
7610
4407
6283
79
1477
9630
302
4614
6590
6897
6037
595
6951
159
4142
2672
2301
7279
9815
2147
4948
7416
5044
6691
8486
8882
6742
8613
4630
8898
5172
9894
4960
1968
8862
91
4906
3111
106
7513
5766
9152
6974
8358
6616
1253
7982
8428
6239
8718
137
3301
6675
4205
1193
7901
3095
8922
6017
7410
6972
9723
8089
9776
3605
4650
7975
9728
359
7081
9317
2842
3563
1194
1288
8626
1096
4289
3349
1754
4355
8942
1627
822
6737
9851
1849
2187
3625
4100
2432
478
2751
8317
8720
5579
7613
5038
6597
6066
5926
9120
9124
4129
8065
8582
800
2206
9888
1282
6236
5968
7442
7861
4583
7404
1129
5368
5336
5197
2439
1998
8622
143
8211
8523
5331
4469
5779
5225
4889
6843
5140
8745
4925
715
1064
2072
5660
6711
1597
5314
8539
6379
6069
3278
2574
4775
497
8777
8522
8583
7352
2127
1717
7885
6409
8346
9554
9236
9574
8238
4022
6962
1543
4978
1921
6230
4266
2132
5133
4278
954
6297
562
4947
1407
5333
4098
1482
4425
8595
405
7310
6476
2102
7265
545
8709
2076
659
5125
1628
6068
8212
7688
8404
1496
867
737
7016
3333
963
2476
1584
9530
4123
1186
4378
1150
6950
8790
3268
8818
6762
8962
5789
9205
8557
7022
5730
2873
988
4023
3984
4259
4392
5405
6386
7334
3146
4577
2137
8188
454
3116
1493
7088
1926
4484
703
2114
8602
998
8799
583
238
9945
7585
1304
2131
4166
6219
937
8891
2380
6347
250
501
2496
2624
6554
3211
4707
6279
5237
7872
86
254
759
1293
3505
1819
8133
5410
4227
7402
3473
6385
8964
7580
4649
3864
3798
9912
6193
7371
9614
3823
9306
3640
1562
2831
9420
4500
5612
9402
8661
8103
570
9971
383
908
738
3061
1639
9768
5267
6506
3731
1745
1119
5007
3380
1899
3942
6567
5077
5918
7222
2264
2273
2664
8629
7528
4294
2429
7269
2715
1190
3113
9323
4072
7076
5188
6598
502
4003
4241
3644
5402
4254
7925
2825
6550
9194
6433
3804
5832
4421
9115
4866
2763
816
9138
8382
7668
6034
8574
1228
1125
4410
5473
3888
3405
8654
3424
4989
4520
6587
1526
2650
8311
2691
325
7251
1099
5821
1144
6925
1617
8362
4439
745
8363
7655
2781
9743
4251
7572
2493
4977
9482
6738
4336
5727
167
1204
9573
4429
9820
2559
6670
342
4767
4059
8074
1111
5507
6641
6979
6378
58
8623
5890
3235
8701
7364
2792
5004
6702
8471
7564
3260
8373
4550
64
9126
3342
6267
6187
1854
8067
9364
5562
6545
8837
4995
5739
7367
7248
2031
14
5305
8659
5848
8243
7164
5101
9383
6125
8200
1233
2239
9952
8935
218
9329
9457
397
1773
4655
3357
6281
9349
3425
1997
6882
8043
5850
8937
2754
7315
4112
5099
4478
3286
8887
2433
4667
2834
3387
4268
3970
506
346
7190
8658
9946
66
9166
6209
4068
4551
4843
1936
6690
8751
7067
1954
3475
7996
9581
7180
5334
2701
6510
7094
6266
3950
7293
1345
2281
1373
4385
1657
4182
1483
8590
668
9615
2702
8440
6293
5703
9914
8112
856
9332
9783
6993
4107
2554
2890
6182
9361
8422
2021
1394
7616
2708
6090
9051
4910
4896
5110
3341
8384
2614
6042
8385
1174
791
3597
4511
9183
5522
6756
3689
7847
8113
5129
3907
3700
7183
8208
5199
8664
2911
124
7964
3828
1464
2822
6573
9243
6519
4538
4247
2271
2052
2267
9505
5817
1023
311
9350
6828
401
7961
4228
9780
5550
6485
180
7429
8817
7201
8871
4101
9001
7049
7320
1057
4140
4053
797
2588
8808
7090
4899
2920
3367
9061
5180
522
8939
2323
3389
2071
4810
8429
1753
5009
5241
2320
2452
2944
2840
8345
1265
5377
8217
9681
2528
7683
8083
5886
4766
164
9957
1232
1163
9719
9732
1187
6584
3995
335
3609
4017
1510
9620
8918
1655
5479
4029
4963
9488
5191
3062
5363
674
5028
6399
3728
5554
9412
1484
7340
1466
4602
1335
5907
4038
3265
5037
3407
8875
3003
4246
5831
7684
9670
3527
4099
1826
7470
5201
1053
1033
6531
5134
6412
7372
5248
9698
174
448
651
9978
3403
1642
5154
7817
4153
9016
4819
8897
6199
7130
1686
2606
3957
2744
7389
1895
2656
6899
9616
3928
3080
657
1887
6777
1504
9856
204
4847
751
1767
4543
7502
1874
8755
9249
4844
5980
4372
1341
9274
3667
9017
9353
1257
6195
9626
1881
5587
2050
2415
6231
1201
6663
643
5256
1710
9032
9504
2219
8010
3855
4773
1868
5577
5553
6033
9862
8290
5445
4393
3491
8820
2730
2782
2181
1389
663
1072
3846
8726
7940
8756
9902
8974
6215
1581
4368
3492
7034
5557
2216
9231
5371
3292
2573
298
4611
6593
5332
283
8190
8261
4852
6392
1712
8068
3182
9691
7095
9396
3373
1624
5686
3285
6194
615
8339
2812
7552
9345
3567
9678
623
9188
140
2138
4136
9257
9956
2594
4882
5086
1254
1160
5021
779
3477
2061
4894
965
6986
5265
9436
6472
504
8585
3658
7388
8465
3616
8926
6992
8297
7303
2627
580
2401
6511
294
3694
343
7074
3427
8359
4154
1783
4235
3082
6898
5627
6335
5113
389
1872
7764
8136
5277
7451
4826
4473
2756
8642
4183
2617
2745
1140
4758
5645
3026
1795
4403
4090
4609
240
7423
275
1365
1156
533
4184
9030
1502
2963
9577
9025
2905
3763
460
9830
7508
5427
8851
8824
26
5672
6791
5847
7947
6775
8271
3276
9085
9340
5977
7884
921
6983
3368
9199
8500
2119
8398
6288
94
8980
4413
7524
5790
9468
5635
8419
6628
3805
8985
8843
3270
203
3720
8230
2764
2793
6450
9474
9720
5056
714
7691
486
8025
6072
6445
8537
2684
1770
8332
7193
1418
6141
8993
6016
2836
6790
6625
3979
7870
567
9652
6446
8280
8183
9628
4657
4972
3112
8320
9970
8207
5452
1982
4858
3047
1640
9118
6820
354
4749
7532
3586
3784
5665
3820
9060
8125
7176
3634
8646
477
6917
3550
6247
152
8872
418
367
503
5202
1676
9687
3750
4365
7299
35
9954
7092
6388
466
7995
1539
3441
6221
7739
7366
8119
1933
4181
1035
9327
2203
