854
838
282
577
209
611
933
727
48
986
339
583
156
694
864
792
574
243
993
790
915
500
108
769
841
932
302
388
492
922
50
218
888
74
126
567
264
719
598
671
311
805
878
850
582
866
449
486
420
148
558
325
38
588
440
411
53
601
689
880
718
245
132
564
221
96
810
83
698
308
903
145
1000
417
550
5
706
709
144
271
881
481
286
890
952
296
951
14
707
517
753
358
122
623
874
896
984
474
479
865
956
297
731
380
643
755
59
800
373
273
975
170
241
208
360
957
602
511
436
587
35
636
435
313
703
477
333
475
617
8
423
268
57
386
184
393
872
201
101
60
496
895
147
687
398
894
318
177
181
836
768
20
808
69
797
455
233
618
54
248
914
711
816
24
338
572
813
483
114
169
764
364
699
732
545
26
291
198
12
989
630
235
736
657
244
278
78
917
700
446
596
68
90
395
155
675
419
301
728
200
512
40
207
532
944
448
484
527
770
637
269
372
981
680
839
968
561
844
570
295
879
110
149
100
383
347
135
546
246
136
592
159
461
370
840
885
368
407
947
427
928
912
867
942
51
345
187
817
786
531
185
644
480
340
256
819
287
679
779
831
552
876
826
983
180
751
228
929
1
635
359
259
225
495
539
412
697
70
973
907
7
662
668
56
702
382
352
633
63
217
536
183
489
655
744
362
877
140
710
453
76
146
421
701
708
125
16
884
476
632
414
98
974
396
499
128
143
152
870
211
615
309
456
62
109
529
320
497
827
167
379
424
908
196
965
949
656
871
783
541
654
52
323
131
955
270
735
280
614
478
197
179
328
202
642
403
961
293
759
650
454
80
457
194
886
660
537
64
44
306
855
842
361
85
930
284
812
918
153
160
966
387
82
189
678
645
747
772
788
439
141
336
374
314
288
778
213
739
729
597
409
255
777
123
116
376
573
900
452
334
846
590
272
91
4
442
120
46
717
946
673
676
651
142
821
795
431
902
685
71
937
815
820
793
958
294
215
332
889
604
901
837
88
653
430
203
843
544
469
437
940
279
626
283
663
898
733
845
33
400
130
127
343
443
822
766
81
789
954
154
508
491
943
384
432
608
466
346
853
765
464
504
162
543
17
551
999
776
505
927
459
945
627
310
849
429
265
365
55
157
939
690
422
525
756
399
548
887
724
488
262
621
540
515
534
158
560
507
369
948
575
936
77
716
649
814
725
251
21
746
252
95
104
344
253
913
634
192
672
43
980
684
861
988
93
460
92
934
737
371
254
204
316
612
959
188
267
366
873
638
222
258
115
468
326
66
995
410
322
402
990
329
910
11
28
599
964
214
931
324
490
758
619
773
557
754
447
106
712
249
976
734
119
166
924
247
761
998
610
824
803
794
860
613
47
883
285
470
977
661
579
304
829
275
84
581
231
806
586
715
741
911
118
351
720
151
391
75
418
41
726
686
802
595
670
502
620
658
300
767
350
348
378
780
742
811
923
276
960
899
171
174
137
87
42
67
242
547
969
549
785
562
987
99
971
220
441
349
139
578
337
941
161
750
290
413
628
335
891
909
825
926
979
683
107
506
199
967
978
589
833
102
357
206
389
705
523
639
176
473
828
224
606
39
834
9
134
260
580
935
163
771
319
79
835
315
49
219
129
307
61
921
648
847
330
591
693
406
963
666
538
230
463
530
713
647
227
559
832
696
520
723
972
165
738
37
150
408
19
232
22
444
622
985
524
749
261
112
266
193
433
353
397
321
25
117
487
510
331
892
467
303
920
665
281
674
863
950
801
164
172
72
299
852
190
641
113
848
257
289
775
774
15
465
18
86
73
691
34
994
566
94
186
600
565
182
652
237
29
616
471
341
629
807
640
555
553
2
356
897
367
498
425
518
858
569
585
375
494
58
438
212
576
798
533
133
830
526
760
804
394
6
748
625
856
677
277
938
363
593
354
528
416
239
893
554
205
791
13
234
516
173
175
664
405
594
609
631
722
317
45
482
31
752
503
381
906
862
535
168
799
111
522
681
451
89
385
757
692
796
721
563
377
178
682
426
415
818
763
250
493
36
875
605
404
519
868
513
905
603
292
312
195
688
851
521
953
514
730
970
919
342
762
124
305
882
743
646
191
103
659
571
859
428
962
298
472
991
226
695
238
355
240
568
992
450
996
229
542
982
745
434
223
704
392
904
10
556
667
27
23
32
327
925
105
607
236
997
740
274
458
714
3
787
782
624
445
401
857
916
30
501
97
216
809
390
669
485
462
781
509
121
263
65
784
823
869
584
138
