3954
1440
410
2382
3383
1589
1506
1609
1521
2980
3904
3288
2790
736
1943
3041
4098
1230
2866
2902
3468
4919
4269
3384
139
2823
26
2614
4790
635
3382
370
2396
3317
148
4725
4019
4080
2770
3628
560
3083
136
4434
3562
1333
3142
2689
4819
1685
4864
1612
3416
2835
4196
2418
3005
1314
3205
2758
2116
1599
1619
3241
4565
1959
1162
2799
429
3063
4808
4692
3826
1974
1009
1168
3450
493
3106
1936
1124
3080
3969
4112
418
1218
1784
4807
4632
4134
1559
4703
1143
1709
2003
4633
132
4688
1383
4749
3229
4639
3699
789
12
2856
1885
279
2336
2146
4254
1727
3004
1516
2721
3753
2400
4282
4246
3607
2342
3376
2886
2766
2951
1267
3593
2112
2958
2582
993
2434
3810
3398
1370
3002
2194
523
4502
568
373
4261
4475
4085
4891
2845
584
4047
490
1359
207
663
431
3047
4413
4479
1900
2546
1866
436
1384
1362
168
1180
3551
2427
3835
3505
2485
775
3772
474
2051
4704
190
4712
1872
3460
4369
320
2725
2921
292
4646
2038
3385
277
3124
1494
237
4677
3859
4987
4397
1715
1766
1249
208
896
2417
1126
2456
3911
952
4550
4078
2338
2314
135
4527
1824
501
3743
3010
2859
255
3578
2731
2922
1014
2992
3429
1548
2321
2136
4219
2873
1762
3631
1649
948
3597
4089
104
2169
2574
2174
1320
2163
654
3161
2872
96
2363
2748
3831
1000
1748
3043
4324
1080
1520
4278
4691
1653
1797
3150
4806
1894
4635
296
1258
1070
4785
2996
2248
1786
867
1834
403
2738
1424
4453
890
969
2971
1785
738
2960
4798
4908
2559
4597
3075
1595
1155
210
4110
4802
3211
1407
3771
1791
2676
64
3637
48
912
4931
1547
4107
3928
2551
1837
569
787
3266
1451
1566
4915
604
2679
1917
2440
3245
576
3280
3473
2480
3509
381
2273
747
566
9
1268
3484
1117
3136
2576
4571
1176
1569
3469
767
2787
1585
3713
4159
2645
479
159
1756
326
2188
3284
930
3610
3486
4687
2062
2741
695
4222
336
46
3678
3056
2802
500
3074
4262
107
2867
2655
275
4978
3955
4674
4007
2897
2882
4307
1311
3130
2795
340
680
2540
4992
730
956
2986
2067
3839
1100
4045
3128
4513
898
3295
4230
2375
1765
839
4427
4753
3200
1680
65
3723
1052
364
2198
2760
3765
875
1843
4238
2569
3425
4356
2058
4975
1188
971
2354
2920
2145
561
1013
1483
2891
4986
4879
644
2808
126
2985
3874
2244
3035
3471
3599
3431
2670
1250
503
4325
435
2754
1725
4344
111
539
4998
3913
3330
4248
2542
67
4671
4603
1165
1185
4226
81
4182
4890
4426
1346
831
2156
1882
4797
110
1454
1915
4821
4291
1596
4873
1127
1551
1505
68
626
3518
1840
3893
4817
702
4079
1819
1232
3523
323
1405
2020
444
4526
1734
3029
4283
4881
178
3068
3620
2838
1128
1055
2763
3318
3922
1046
713
3644
2367
1641
643
4662
822
54
1956
3046
392
4310
871
958
4015
3675
99
692
2641
1565
4296
3361
1241
3592
3090
3805
3828
3909
346
3663
869
315
3433
4570
2270
4335
3332
4290
63
4099
2917
3289
2942
3680
3728
287
4419
2750
3850
3169
3559
3055
3459
4001
1515
3630
4259
4536
3748
1367
2680
4216
3348
3488
1164
1129
1423
330
4914
4832
2143
4473
4004
3334
1663
4544
3373
1979
3617
4029
151
3190
1769
4601
1118
3871
4940
2281
918
4834
558
553
3147
94
3736
163
2571
3567
1321
2241
618
4482
916
1224
2816
416
1355
2279
851
4866
3442
3424
921
4227
3692
1152
3710
2222
100
2976
4932
3482
717
3609
1708
1082
3981
1468
44
1674
910
994
972
3787
2648
3898
4579
2927
3731
1427
4447
1512
1913
2765
4650
3137
1855
4726
2712
262
4665
2948
3784
3152
4361
2759
2532
242
1830
4517
3778
345
92
1845
2306
3863
2392
2918
1344
4773
2651
4621
2152
1195
4336
2106
390
919
1166
2561
2468
745
4591
2144
1257
2746
4367
1799
3499
3984
1656
4023
3994
2310
4822
669
4158
2659
3824
3445
2803
2028
445
1326
2965
1757
906
3974
11
1439
2912
642
633
4234
1189
1714
4841
4742
3853
4258
2957
3865
4365
4240
2085
2431
507
2892
453
1553
397
3763
862
1338
4390
4927
1023
271
2961
3168
302
4952
515
1544
41
3203
3729
1215
2425
2956
2771
4858
4643
2004
1697
3916
1688
4876
2150
4854
2888
1433
2552
4488
3820
505
2460
3798
3645
4548
2853
3191
2365
404
4849
3846
3061
2017
1779
157
4395
3251
1465
4792
3892
4543
1029
2774
2151
4352
1563
3031
3428
1004
3233
4574
609
834
4139
2744
2868
4701
2299
484
1926
2500
448
2424
3937
3575
2901
3316
2764
2949
4497
3404
708
1886
1528
3180
421
4521
1289
1409
4008
1849
2941
5
1169
1945
785
3525
2727
3848
941
378
3690
4343
3803
2334
3390
1993
206
715
179
3249
3677
1610
1123
2397
1986
2493
1041
2031
1186
4789
2930
1498
4869
4747
4711
1721
4417
4598
3693
4476
2699
1852
1316
3230
1803
1337
3436
4678
4981
3276
2929
1106
2218
437
2769
1536
3576
1888
2475
4495
529
2394
4641
1741
2243
3356
519
3941
504
2
3924
263
1951
3084
4154
2072
3465
4587
2316
3817
1952
1771
1156
2602
2135
2864
3932
115
4028
3718
1562
1672
4896
1324
131
3512
4824
3934
4022
3081
2622
2472
3539
2069
3796
1550
636
4630
1999
1075
4765
259
3188
1202
282
160
2573
3301
2983
3018
1024
1788
985
3886
3362
764
3226
514
1329
1877
4714
4859
3633
4386
4446
2355
4918
121
2167
1179
3732
804
777
970
2361
2496
2287
4024
4420
288
2654
3032
679
4804
1
2572
1814
2994
3364
3177
997
16
3875
4384
770
2266
645
2176
73
3783
1689
4930
3409
4514
4572
4694
811
1071
2313
4340
620
4049
4407
176
3967
4020
4758
4583
4554
1327
550
2436
458
4518
103
3780
3026
2870
850
1212
1851
234
2678
2692
4827
4136
4175
3585
1288
2529
3108
2875
3536
4889
2661
3561
3703
2604
4481
1698
1298
1958
596
69
1933
4302
4241
3522
4360
1031
2432
806
929
2296
664
300
2089
3608
4016
525
1317
961
341
2246
1058
3707
294
4328
2621
360
4460
3039
24
1925
4491
832
868
2416
3899
105
3120
4690
2671
3437
1449
900
1364
3411
4102
116
2697
2046
1821
4163
146
3813
4393
810
4092
1400
4315
3379
3121
3563
824
944
1426
1761
376
3843
2526
2524
187
3697
2131
286
1954
3426
4308
3474
2786
1981
4301
1941
4264
4775
438
319
3447
2470
4331
2389
2858
4679
719
2999
4026
3201
1486
352
2568
3852
1600
1081
4358
4454
2544
419
4090
2974
4039
3172
4242
2166
1228
1471
677
4645
2499
383
3131
893
884
4592
1525
1149
2586
3439
170
3521
797
783
2364
2331
2658
3976
3931
426
2110
1084
1450
1691
2589
52
1621
3579
1394
195
2820
354
2300
4017
3777
3712
450
3568
4950
3210
1484
4464
3570
1205
1526
2224
799
2511
2453
42
1665
462
2968
4055
3606
1717
2779
3648
772
1130
3571
3341
2289
2819
1650
3756
4330
353
1920
2560
3129
1113
4190
882
1836
859
4284
161
4625
3342
2557
3507
4138
873
2554
2171
4882
3950
3000
1274
387
3598
1064
527
455
2465
2054
1827
1079
3661
2042
1590
656
2464
3622
3213
4428
3688
2384
1681
2935
3873
1940
4636
3781
4239
4928
464
487
701
4498
2177
691
4204
3716
3392
4732
1561
3215
3919
3217
4878
1780
1796
4959
2047
2516
2558
211
1758
928
1795
1579
762
1904
350
4934
4566
2021
1937
1054
1281
665
3629
1873
3494
1580
588
3684
2575
2033
57
2537
1003
1533
907
2545
2977
3246
3114
2119
2223
1260
4457
2039
1969
3948
3263
1859
4590
2178
932
480
4684
1705
4127
3344
3438
3671
1201
860
4868
156
4783
3038
3639
3946
218
4073
773
469
2158
4203
729
1467
2052
908
4354
1193
2527
753
1393
4935
1735
3432
1037
693
4523
1924
2471
3187
4735
2263
1353
4422
4595
3672
4257
3064
1696
4379
4030
2687
310
31
4796
3809
4682
3674
4256
984
2735
181
3960
333
3360
4071
3040
2315
1823
1898
2718
1061
3372
3073
2871
2508
1598
91
2041
557
2035
2609
4568
842
3025
269
4884
4540
1884
4938
4640
4948
4087
1973
4939
653
2848
4537
2012
106
2989
2709
3267
427
1266
273
3087
4036
2593
3944
4593
4149
2914
1835
1083
1086
4905
4750
1112
3234
721
573
3938
3717
2919
4116
535
3520
1060
2350
4146
657
4176
3619
129
1908
459
19
4739
4805
974
466
1146
2993
2583
902
53
1369
4561
1222
4793
278
1747
3291
2831
396
1995
3929
2818
235
2565
1356
3807
647
2847
3162
2879
2708
1284
3337
3516
98
589
3178
3403
541
1532
603
1243
4298
4088
1912
4184
2075
4128
225
3745
887
2286
2998
1637
3065
3881
3279
2606
2513
3572
246
473
4815
4499
4388
690
914
3268
2320
3749
1897
1478
3584
2280
2175
231
2952
443
1901
80
4666
2213
1657
791
648
3014
3328
4553
2467
3840
3504
4277
1676
1961
4741
495
4743
472
2780
2955
4430
3357
10
4529
619
1679
662
2825
4795
3354
1832
4322
2372
4825
2675
3453
4586
2828
3862
1078
728
2824
4406
1575
4083
3456
1272
4288
5000
186
3821
726
4782
2720
93
2284
4962
2724
3012
712
3412
3673
4382
172
4200
3577
3086
512
2109
1231
2479
1980
4926
2982
1044
3925
1581
4777
3535
2339
1977
3405
2228
267
2187
1194
4303
4899
4655
4509
833
174
1645
4289
3543
3307
3737
3612
931
760
1578
2032
1502
4863
1151
51
1388
3243
4391
3020
3391
2357
2944
314
3393
1896
1907
2093
1042
4484
3380
2850
981
4801
4371
1889
3953
4846
3581
2326
796
2987
3502
4585
4300
4818
818
1282
3371
1546
2663
1134
4221
888
3497
3323
4766
3101
2027
2159
1017
365
2319
1178
1007
497
510
3979
4659
3907
412
3774
1280
1753
607
2860
3145
3054
2629
4441
2420
3116
3768
784
3237
2807
4150
2656
3309
3271
4063
4757
3872
4504
597
1437
3347
2371
538
640
967
4
1254
3338
2535
2461
2251
220
782
1067
3615
1416
318
4573
4686
1831
1668
3541
915
1777
2346
2664
4207
1659
470
463
2745
2438
3134
4713
4451
2446
849
1739
3793
3665
4898
2209
4787
4738
2800
2295
380
140
1658
4003
3303
865
3602
1728
579
2235
1988
1874
117
3151
1221
1754
2682
509
4803
1184
586
276
2737
547
2457
3477
2842
1414
723
2610
3159
446
1773
4967
3126
4433
332
4368
1607
1543
625
1856
1137
2640
88
3569
2797
4604
114
348
3681
3166
2937
2155
4067
704
4161
1021
4949
3542
917
1818
1174
1410
3176
2443
1270
2762
2852
4575
201
3423
3258
1159
45
4458
3990
1485
545
3510
25
4612
4683
1608
2611
3726
3959
4535
3071
3769
3940
30
2484
257
761
2525
2695
4299
1167
1495
3627
2506
78
2376
4829
3564
3650
3490
3601
3313
2370
4723
1618
2311
1718
2613
3098
3164
4588
4968
4809
4162
3310
303
130
3785
2161
2104
1291
3370
2660
2755
1223
3896
1404
848
3446
1366
4319
815
1349
3430
4314
3604
1209
1199
606
933
2541
4709
3947
356
1053
3816
2274
2108
905
3105
4349
1587
4414
3580
1863
551
449
4113
3285
2815
4114
2332
60
3179
2587
84
4152
3212
2249
2121
3738
1175
4260
3741
4131
630
2812
2059
1976
1867
4925
3759
8
180
1211
4602
1413
228
402
1857
2267
217
727
197
4982
3440
2278
3492
1252
3401
432
2044
3752
4852
3454
2451
1706
979
4010
4086
1868
3125
840
1949
1116
1233
3800
4560
1934
1448
3789
4477
3636
3885
3294
1027
4607
3102
4840
189
3894
1208
4620
2007
4642
1537
138
3733
4811
2268
1935
4693
1181
617
3988
1497
2430
3747
2591
4555
1006
4201
4185
247
4044
4768
1862
4835
2728
4746
1534
4903
4893
4401
3256
4651
4031
4411
3750
2297
391
1806
1871
3594
2200
3282
3219
975
2801
268
802
844
4265
1787
3987
2118
1430
2874
2141
4374
1150
4680
2226
2854
1360
2337
452
4405
295
776
3855
3082
2642
21
3883
2749
807
4960
123
1947
1572
2272
1428
4046
565
3452
4751
4373
3365
2476
3614
4764
4212
4844
4233
4065
2492
1469
2855
4346
2981
1368
3132
1767
2911
4173
1811
2653
601
658
675
649
2283
3603
3945
2142
1334
2704
4394
591
2837
735
2723
3208
3757
382
1438
17
1778
393
1203
835
2179
4252
3024
3991
911
1435
1593
2344
3321
1576
3402
4685
3111
2878
3554
1675
4865
1473
2631
122
4990
4359
4462
1315
3218
3394
2672
988
681
4877
2975
1615
4461
4357
1895
1310
4432
2408
1296
1305
3324
3260
2293
3558
1879
629
2729
737
4129
4096
714
1187
4767
3917
1242
4850
3830
4025
4276
3011
3300
3983
1318
2531
622
1858
216
3887
4474
4123
3530
3094
3540
4634
793
4580
2607
598
1309
3232
2649
2833
1750
2792
1644
673
394
3555
4317
1906
2585
2411
1919
3587
4771
417
1374
1809
4522
1826
942
2254
3050
249
113
4973
1120
2348
1429
2512
3829
4510
3306
795
150
3933
1839
3023
4231
2399
3158
563
1588
4320
399
440
349
4786
846
1490
4255
2185
2393
1801
4706
2101
1557
4050
3297
1395
4011
634
3989
847
2785
3386
3019
696
1275
4654
4493
1876
1918
3315
4991
4168
3550
3573
740
540
3654
4740
567
4338
1290
506
1909
1640
854
3072
4705
4348
244
959
35
1960
2009
2330
4072
4275
3727
1492
3287
2932
552
661
2841
1463
3078
362
1244
2240
2466
1794
1446
3007
212
1529
2826
1846
2303
2264
1582
55
1629
2037
3691
699
2132
1341
1984
2335
4273
2078
2128
158
3227
324
4424
4040
995
4305
4074
1841
1622
788
3557
2140
3897
4309
3290
1441
4563
1322
707
1049
1153
2360
2839
3049
1461
4489
4075
1764
1768
2619
4558
1192
2501
4715
4306
1704
1998
1255
3239
1076
1283
925
4924
739
79
1323
2637
1074
293
4253
1385
1970
3427
2347
1302
4673
4272
1306
2094
2691
3375
556
1432
4124
2048
1503
215
3958
3906
2946
1295
892
74
2356
676
3329
2905
4812
4142
2674
973
338
1476
3037
754
1487
3895
2926
2686
853
548
583
938
841
4084
3195
1774
2509
2809
2099
2767
1946
3804
3553
1800
4511
2220
2459
4337
2086
4731
2349
1276
309
935
666
577
2907
2909
1511
4653
4392
4576
801
28
2329
1191
950
203
3066
1001
1651
2821
1340
1247
1012
256
3949
2515
3470
134
1538
757
3377
1402
1535
2063
1456
4455
1500
1459
786
192
2883
3860
4605
766
284
3755
4054
441
1842
1447
3968
631
1755
3209
1269
1938
2947
4178
3811
1458
965
1040
3305
327
3346
3715
624
2810
684
4122
2247
520
3252
4202
689
1239
522
3003
4132
2696
1931
1623
4577
4014
1493
1870
1677
1518
1373
1245
2181
4551
1789
297
982
467
2478
4545
2846
2005
1002
3700
367
1584
1567
2522
1861
1464
1434
1335
4147
1032
4313
1019
3079
2160
1033
1172
2898
359
475
3647
829
4660
489
759
3400
2881
1813
3866
4429
3155
4546
1173
3053
946
615
1816
258
3359
4759
241
3100
4376
724
3698
3861
4776
384
2623
2071
758
4971
3095
491
1667
1339
1358
2933
3975
4736
978
245
1604
864
749
957
4800
2137
2939
3961
3519
1091
4953
1921
866
2290
3943
2505
3349
1363
4372
2204
143
37
226
4729
4664
3333
254
3867
894
280
4439
1197
4143
3966
2095
2840
3618
3197
420
2798
3117
3160
2730
1085
2636
4626
904
2834
4567
2015
3515
355
1273
4895
1760
4506
2715
2245
3532
2646
2391
457
2474
1301
2006
2103
1401
4334
1790
1519
4187
4717
700
3822
4286
1259
6
2978
4596
623
3247
861
4052
4400
3085
4224
2580
987
2530
3480
2490
4304
4520
816
3724
1891
4082
1723
3122
3435
4480
1499
2625
4748
3141
3363
3832
112
953
4403
4167
4442
3825
4656
4188
2644
3791
4002
3621
335
4721
4478
3027
1265
1386
1330
4883
1552
1256
222
2217
1048
3513
3466
3529
4724
223
1792
3135
594
3415
3397
1950
3406
3971
3767
951
1457
2811
4980
188
2477
61
1271
1047
1062
2997
4700
3048
4661
1236
3352
4048
1099
678
3389
3837
4531
2359
4728
3586
1957
3143
2966
2706
2309
2491
2025
3171
4061
1722
2650
3001
1389
1408
2385
1772
2539
4733
2368
3664
3952
430
85
4557
3656
1489
3464
4120
4752
3995
1217
2553
4195
4989
744
2435
3758
301
3304
1606
1331
1522
2073
2010
996
3801
1815
4157
4057
2164
144
3076
2148
3669
4689
38
164
2261
3877
674
133
2002
58
39
3696
4994
4532
2517
4681
3927
1480
4229
3228
3506
3374
502
3972
2404
533
2407
471
3067
809
756
1740
2154
2579
2719
2876
2410
2896
3770
2282
671
4658
2938
118
153
1491
4101
145
3274
2115
1213
1392
3153
2256
308
2227
836
3042
2098
3857
3479
4398
405
863
962
1077
4081
3006
1157
518
3278
3746
1095
698
2903
4779
342
3224
3013
4060
4528
3184
1088
1011
2584
260
2913
4780
1510
4353
4243
3422
4385
3902
2084
3903
1655
442
3912
3761
2377
599
877
3022
4312
659
14
3336
4180
1371
1828
2211
344
4539
1987
4013
4153
3495
4137
142
2257
3957
1380
1361
414
59
4125
2351
152
3985
4389
2358
97
2130
1602
3921
1479
2487
270
1138
2277
2414
2442
612
1300
2412
4251
1749
72
1955
2262
4183
3734
1443
1098
1616
1235
4076
2345
2097
4151
3642
1624
3235
4861
4507
2390
4610
1922
1170
605
725
4578
182
4920
213
3526
265
2401
2698
1474
954
4366
3244
2138
1577
2088
779
3463
2439
710
4043
1810
1732
175
3057
4754
316
386
4445
4979
2207
3880
1614
4342
4326
184
3088
4909
66
2292
765
3884
2742
401
2024
1115
1633
1726
3186
1122
1682
955
2060
4697
2747
2751
688
2616
4556
1097
945
3812
2233
4606
2716
1549
4761
826
496
2940
15
3641
3350
4018
3220
4362
4351
2707
4225
870
2900
4791
1626
2080
2066
852
3051
1008
2403
4627
4505
461
424
2578
543
4070
3996
214
3720
2533
3613
4966
3092
4093
2520
3640
2428
4452
4247
4838
4274
2890
4769
1225
4027
363
1196
2193
2016
1425
590
2906
1220
923
731
3069
1462
1627
3659
2711
830
1171
3476
3788
989
304
2238
4897
2756
530
2445
4471
4126
3548
1710
1568
1661
3058
124
236
2734
4710
3302
3775
339
803
4648
1603
1887
3264
571
2366
4947
3888
1759
3417
813
2534
2202
4957
289
805
926
3965
3760
3814
56
1916
2317
1144
1574
1431
1034
1045
4892
585
4449
1477
2995
343
2548
2954
3198
3583
1145
2322
4156
621
1475
1141
2030
823
1594
2862
1620
4380
687
4549
1711
2055
1838
3964
3722
3157
1304
2899
4638
4965
2437
683
4644
2962
1139
4279
1278
86
50
3185
4165
3658
185
1962
4720
388
2294
4198
1586
199
4839
2323
488
1905
4223
1631
1016
3643
3802
2677
3864
2829
3719
4906
780
2969
4267
166
4077
4995
1751
889
3419
3408
2398
1539
720
660
2285
2197
3175
312
980
2714
1403
4649
4872
651
1733
1022
4355
2229
22
1601
3742
2203
4836
3248
3015
2887
2597
3322
1625
3939
77
1043
3815
2149
4600
637
1182
3339
3269
2057
2733
1545
3138
1880
750
306
2673
3879
3273
447
1699
4830
49
4345
513
1092
2000
2341
4217
3986
4210
1805
3500
794
3556
2717
4833
3856
3799
1514
1930
3951
1890
3833
3214
3461
2690
1348
3534
1018
409
4727
2936
1628
716
2588
1570
857
3706
89
2388
498
4964
3103
1397
4617
3443
4297
3993
706
2102
4058
2757
1399
4870
592
2126
2498
4667
976
4215
4042
1807
3662
3343
3089
1204
1470
1542
1700
1782
4916
229
3163
4534
2694
1039
1419
2979
1731
1285
2884
4618
3182
4174
650
1466
4855
4197
983
2547
3311
1005
3483
3358
1942
4547
4064
2683
4943
3207
3574
2258
4383
3127
2082
2173
4857
2406
456
3407
4813
3327
3
2857
3838
2647
154
3501
1929
4228
219
1893
3730
1664
4954
1517
1131
3679
2783
4871
4069
4270
3552
1883
415
2302
4988
1555
544
2634
3340
3963
4853
4910
4177
2617
4280
2814
2732
1210
1105
4318
4141
483
1662
1802
3413
1564
3257
3478
3876
655
1198
1496
4133
4894
4902
3281
3448
1983
4440
4880
2772
582
2373
305
639
542
2796
1825
1263
2536
4249
2380
3689
2079
4111
4762
3457
2276
3795
1488
2230
4629
4937
4294
3052
425
3779
1652
4997
1939
1073
2172
1110
3695
4552
4609
2237
4958
1781
881
986
718
451
4244
2458
221
546
4285
4000
2592
899
1234
1613
2195
1716
2312
1948
2162
2972
4794
2362
3851
374
1660
1111
3566
3818
4657
3455
2967
2627
3240
3926
1444
4118
1319
2111
4467
3900
1347
2784
385
992
3901
2615
2950
1524
1636
4848
4719
128
1482
204
2170
1104
1020
1299
3773
3854
2970
377
317
3653
169
2352
4941
4525
3154
1028
465
4364
1422
3705
4213
95
1554
2124
4399
2463
4117
1398
3528
2563
4194
1148
920
3044
347
903
2521
4097
1251
3366
4381
3170
4983
1343
1730
1262
3623
2703
2325
4205
817
2308
4415
3819
2805
3918
2307
205
2880
3396
2208
2603
361
922
4035
2861
574
3635
524
485
1352
1968
2023
4431
1292
874
3652
3326
3119
3992
554
2827
2165
1336
2065
4538
4837
2191
1848
2844
2378
3605
3028
743
4245
2482
722
1387
990
1928
2454
3915
2043
879
3891
1094
1253
2849
1967
1147
1107
1695
610
2087
2495
3868
2183
240
4923
2452
3978
2298
4874
800
1050
534
3920
1687
4867
2893
4755
1125
3823
4699
413
3451
3704
3113
1229
4619
4341
2215
232
1096
2904
3626
3858
2693
4885
4468
36
422
1991
3527
4339
4519
3112
3231
880
3740
2232
3319
3666
2596
2018
3560
1183
2199
3638
4613
1707
1056
4170
685
4416
2877
3709
4631
1583
611
434
1963
3498
2483
476
1611
3708
2040
2081
2794
1206
4707
2740
508
1597
3549
358
2639
2773
878
4922
196
3914
2885
3250
4109
1965
734
1142
2804
1087
486
4921
2752
3420
1719
2782
2265
3009
3878
3794
2669
193
1421
1729
2190
895
2252
4974
2507
4263
366
4875
3418
768
2964
2662
4907
406
3174
1966
638
4189
423
108
2991
939
613
845
531
264
4695
1742
2934
1647
3889
2013
3399
2931
4696
1990
3744
3183
1376
1776
1121
4006
3956
3030
3910
2105
3847
4236
1692
3890
1177
3221
2415
521
3514
1507
4171
4038
705
75
608
4668
4206
1453
1982
478
4616
1869
1592
1379
3149
1972
4888
4929
2605
1527
3202
3261
1114
1903
1102
1571
20
3467
4293
4271
371
4053
4972
2743
3077
3668
2700
3836
1154
1648
1724
1509
4760
2318
2710
4730
4799
40
2608
4144
668
3165
2253
4208
2402
4281
2074
537
1237
1854
1261
2381
2581
2469
1673
2122
3905
3797
3353
3849
2221
4774
2153
1158
2259
2343
2643
2225
3181
3977
1293
3060
4316
2100
1240
3367
492
2216
23
2630
4961
4501
1227
4936
778
27
1878
3487
1442
165
1744
2395
2369
3262
4996
3616
2523
1654
313
1996
3589
2107
1560
3156
2180
3059
34
825
1669
4409
3999
3444
4387
298
2973
4486
3270
774
3870
3739
2231
1504
2768
1853
1743
964
4450
4402
4985
2022
2450
4669
4816
901
1163
3308
4744
1994
3472
3687
1508
2419
4564
1770
3531
2096
711
3434
2635
4828
3485
3254
299
3503
322
2626
2157
2340
4584
274
1072
837
439
2928
1089
2791
4842
4009
407
3325
411
3368
4851
924
1093
1812
4569
4456
239
1375
2789
3806
2519
3298
3033
2963
4946
4164
2064
4032
400
1103
4887
641
3118
2984
3721
3930
2291
3702
564
2684
2668
2598
1219
999
71
4105
2665
2234
2889
2612
2444
3421
2570
2462
4917
532
1036
2830
3355
798
2657
4396
4193
1639
1287
2387
248
3676
1063
858
4886
3204
4562
4266
4582
4119
4218
3481
771
2489
960
4716
2133
1066
2566
2139
477
3148
281
2473
703
4763
4652
4494
2212
202
3655
3238
1051
3632
272
1038
329
2562
814
3034
4106
3844
748
433
368
3508
1666
481
1238
792
4541
2061
4756
2189
575
3475
1634
3381
2894
4237
3511
2865
1436
494
2011
1992
2129
4614
2702
3193
3667
1573
2288
1068
4094
227
1558
746
3544
963
2242
351
1057
499
291
119
4944
3792
652
1065
2083
3109
468
1190
3173
125
250
1248
1312
3277
1605
2353
3139
2618
3936
43
127
379
646
1752
909
4066
2705
2113
3701
1736
3192
3790
2324
1932
1899
4911
3096
3685
4503
1911
4333
1820
781
1415
4438
2250
2806
4423
4051
285
4970
191
454
369
1530
819
4770
2633
3253
1865
872
559
2503
1690
949
1971
3283
2538
2959
3611
1132
1136
1332
3764
2147
1214
3634
1357
595
4466
4347
2036
3538
2594
3299
4976
2001
2120
1822
2701
2127
3962
1412
3275
3216
4904
2916
2210
2433
1381
408
4191
3834
3017
4287
614
562
2205
2736
1944
1702
4327
4444
2494
2260
3293
763
1325
4155
1345
162
3625
549
2910
572
3462
808
4370
2219
372
4181
3827
1390
4745
2125
3786
1246
2488
3369
2168
2863
83
602
4581
2214
4483
1279
3335
4823
4608
2029
4037
555
2753
3320
3489
3189
29
4311
2945
1617
4350
3682
4912
2502
3351
4235
3782
1630
4186
4470
32
1671
4485
3093
927
4033
2781
3272
4418
2497
2869
4993
3624
1015
7
2652
4465
2924
4121
3582
2550
3062
4100
4611
1119
4951
109
4472
198
886
2327
1678
3140
1712
998
3441
4021
2925
1377
3657
2056
2549
2239
1643
4443
1216
2333
1417
1693
2134
1985
253
173
3595
4329
4945
33
3104
2034
2275
2421
968
3345
4375
3533
977
1737
3998
4589
3590
2667
1350
4820
4772
3133
1975
3646
672
1140
686
2192
828
4845
741
4295
334
4622
1351
4220
3146
2851
4913
4533
428
4784
4942
2053
1277
1445
3091
4211
1010
697
3808
1354
3045
2455
2448
2555
1670
4524
1307
3021
4192
587
395
1798
2255
2761
3378
1844
3923
4056
2564
1953
1850
3591
4104
2599
4332
1455
62
3982
1914
732
1411
3286
3259
2269
4647
1135
1026
1133
2908
511
155
3414
200
3980
2114
4781
2775
3242
90
3714
4408
3600
4435
2050
4500
3524
3660
528
2070
2026
398
1294
4404
3545
2449
1460
1683
4963
2590
261
4469
1161
1694
1035
2405
4214
876
2504
2620
1160
1226
1472
1420
4172
632
2688
4108
4623
1264
3841
4041
2943
2383
82
4956
616
581
4722
4900
593
3292
1997
167
1804
2008
755
4459
827
2739
2014
2481
2595
1531
2681
337
2514
3199
1864
2777
742
3670
733
2301
667
2953
2019
1632
2518
1703
4437
1501
2123
2915
3842
4675
1763
2049
913
3735
2600
526
516
3265
2567
3206
3686
2624
4702
87
224
325
4984
1701
821
2577
3908
2076
4708
2409
4448
3099
3565
843
1303
1978
4847
4810
947
1328
4831
1964
1540
328
943
3388
752
4856
102
2423
375
883
2271
3751
937
4377
4624
2422
2990
2186
670
4637
1833
4508
4676
628
4778
940
2793
1025
1207
3115
600
3331
321
2628
855
4516
1109
4005
1927
2386
934
2788
2776
3016
4862
4145
2722
2196
1745
4410
1365
1391
1090
694
331
536
1923
4363
3970
4378
4901
4487
3107
790
2184
1746
3517
2778
1108
4615
2685
1646
1286
149
2305
3296
2666
141
4095
4130
2426
3196
856
4034
1591
3547
4698
1686
812
2843
1642
3097
307
4169
1406
3776
4672
1783
311
4594
70
1069
2068
4628
4955
1297
2441
2543
627
580
2510
389
1738
1030
2447
482
3493
2632
4718
3236
252
4292
1829
3694
4232
1808
4463
3496
4148
3651
1313
290
1200
3255
147
1847
171
3537
1713
4179
2077
891
2117
1541
3449
2813
3167
2556
194
936
3882
4068
2638
3725
2413
2236
1378
4321
2091
1308
1372
570
2379
2822
1513
897
2201
2045
2304
120
3711
137
682
578
266
2092
4515
751
1481
4788
4512
1452
1881
230
3754
2713
4425
4412
13
2836
4933
2923
3973
3387
4135
1638
4542
4670
2988
3942
460
3491
1684
4599
4250
1059
4199
3144
47
4490
2206
3762
2895
4734
2817
4209
3314
1902
4492
4421
1635
101
1860
4115
1382
1396
3225
4737
4860
2528
357
3845
243
4012
3036
3222
4268
1342
885
4166
3596
709
3070
4496
3008
1418
3395
3312
1989
3935
283
4826
3223
4140
4091
4814
2328
2486
1556
4160
4969
4103
2726
991
2429
1523
820
4559
3410
177
2374
3766
1793
1892
2832
1910
4530
4062
3588
1817
4323
238
3458
1775
3123
76
4436
209
183
251
2601
838
4843
1875
2182
3649
18
4977
3546
3194
233
3997
769
1720
3110
3869
3683
4059
966
2090
517
4663
1101
